&a / °	I1 / %
5.459	0.8
5.454	0.8
5.449	0.8
5.443	0.8
5.438	0.8
5.433	0.8
5.428	0.8
5.422	0.8
5.417	0.8
5.412	0.8
5.406	0.8
5.401	0.8
5.396	0.8
5.390	0.8
5.385	0.8
5.380	0.8
5.375	0.8
5.369	0.8
5.364	0.8
5.359	0.8
5.353	0.8
5.348	0.8
5.343	0.8
5.337	0.8
5.332	0.8
5.327	0.8
5.322	0.8
5.316	0.8
5.311	0.8
5.306	0.8
5.300	0.8
5.295	0.8
5.290	0.8
5.284	0.8
5.279	0.8
5.274	0.8
5.269	0.8
5.263	0.8
5.258	0.8
5.253	0.8
5.247	0.8
5.242	0.8
5.237	0.8
5.231	0.8
5.226	0.8
5.221	0.8
5.216	0.8
5.210	0.8
5.205	0.8
5.200	0.8
5.194	0.8
5.189	0.8
5.184	0.8
5.178	0.8
5.173	0.8
5.168	0.8
5.162	0.8
5.157	0.8
5.152	0.8
5.147	0.8
5.141	0.8
5.136	0.8
5.131	0.8
5.125	0.8
5.120	0.8
5.115	0.8
5.109	0.8
5.104	0.8
5.099	0.8
5.094	0.8
5.088	0.8
5.083	0.8
5.078	0.8
5.072	0.8
5.067	0.8
5.062	0.8
5.056	0.8
5.051	0.8
5.046	0.8
5.040	0.8
5.035	0.8
5.030	0.8
5.025	0.8
5.019	0.8
5.014	0.8
5.009	0.8
5.003	0.8
4.998	0.8
4.993	0.8
4.987	0.8
4.982	0.8
4.977	0.8
4.971	0.8
4.966	0.8
4.961	0.8
4.956	0.8
4.950	0.8
4.945	0.8
4.940	0.8
4.934	0.8
4.929	0.8
4.924	0.8
4.918	0.8
4.913	0.8
4.908	0.8
4.902	0.8
4.897	0.8
4.892	0.8
4.887	0.8
4.881	0.8
4.876	0.8
4.871	0.8
4.865	0.8
4.860	0.8
4.855	0.8
4.849	0.8
4.844	0.8
4.839	0.8
4.833	0.8
4.828	0.8
4.823	0.8
4.818	1.2
4.812	1.2
4.807	1.2
4.802	1.6
4.796	1.6
4.791	1.6
4.786	1.6
4.780	1.6
4.775	1.6
4.770	1.6
4.764	1.6
4.759	1.2
4.754	1.2
4.748	1.2
4.743	1.2
4.738	1.2
4.733	1.6
4.727	1.6
4.722	2.0
4.717	2.0
4.711	2.4
4.706	2.4
4.701	2.4
4.695	2.4
4.690	2.0
4.685	1.6
4.679	1.6
4.674	1.6
4.669	1.6
4.663	1.6
4.658	1.6
4.653	2.0
4.648	2.4
4.642	2.8
4.637	3.2
4.632	3.2
4.626	3.6
4.621	3.6
4.616	3.6
4.610	3.2
4.605	2.8
4.600	2.4
4.594	2.0
4.589	2.0
4.584	2.0
4.578	2.0
4.573	2.4
4.568	2.8
4.563	3.2
4.557	3.6
4.552	4.4
4.547	4.8
4.541	5.2
4.536	4.8
4.531	4.4
4.525	4.0
4.520	3.6
4.515	3.2
4.509	2.8
4.504	2.4
4.499	2.4
4.493	2.4
4.488	2.8
4.483	3.6
4.478	4.4
4.472	5.2
4.467	6.0
4.462	6.8
4.456	7.2
4.451	6.8
4.446	6.4
4.440	5.2
4.435	4.4
4.430	3.6
4.424	3.2
4.419	2.8
4.414	2.8
4.408	2.8
4.403	3.2
4.398	4.0
4.392	4.8
4.387	6.0
4.382	7.6
4.377	8.8
4.371	9.2
4.366	9.2
4.361	8.4
4.355	7.2
4.350	5.6
4.345	4.8
4.339	4.0
4.334	3.6
4.329	3.2
4.323	3.2
4.318	3.6
4.313	4.4
4.307	5.6
4.302	6.8
4.297	8.4
4.291	9.6
4.286	10.8
4.281	11.2
4.275	10.8
4.270	9.6
4.265	8.0
4.260	6.0
4.254	4.8
4.249	4.0
4.244	3.6
4.238	3.6
4.233	4.0
4.228	4.8
4.222	5.6
4.217	6.8
4.212	8.8
4.206	10.4
4.201	12.0
4.196	12.8
4.190	12.8
4.185	12.0
4.180	10.4
4.174	8.4
4.169	6.8
4.164	5.6
4.158	4.8
4.153	4.0
4.148	4.0
4.143	4.4
4.137	5.2
4.132	6.4
4.127	8.0
4.121	10.0
4.116	12.0
4.111	13.6
4.105	14.8
4.100	14.8
4.095	14.0
4.089	12.4
4.084	10.8
4.079	8.4
4.073	6.8
4.068	5.6
4.063	4.8
4.057	4.4
4.052	4.8
4.047	5.6
4.041	6.8
4.036	8.0
4.031	10.0
4.025	12.4
4.020	14.4
4.015	16.0
4.009	16.8
4.004	16.4
3.999	15.2
3.994	13.2
3.988	11.2
3.983	8.8
3.978	7.2
3.972	5.6
3.967	4.8
3.962	4.8
3.956	5.2
3.951	6.0
3.946	7.6
3.940	9.2
3.935	11.2
3.930	13.6
3.924	15.6
3.919	17.2
3.914	18.0
3.908	18.0
3.903	16.8
3.898	14.8
3.892	12.4
3.887	10.0
3.882	8.0
3.876	6.8
3.871	5.6
3.866	5.2
3.860	5.6
3.855	6.4
3.850	7.6
3.844	9.6
3.839	11.6
3.834	14.0
3.829	16.4
3.823	18.0
3.818	19.2
3.813	19.6
3.807	18.8
3.802	16.8
3.797	14.4
3.791	12.0
3.786	9.6
3.781	7.6
3.775	6.4
3.770	5.6
3.765	5.2
3.759	5.6
3.754	6.4
3.749	8.0
3.743	10.0
3.738	12.8
3.733	15.6
3.727	18.4
3.722	20.4
3.717	21.2
3.711	20.8
3.706	19.6
3.701	17.6
3.695	15.2
3.690	12.8
3.685	10.4
3.679	8.4
3.674	6.8
3.669	6.0
3.663	5.6
3.658	6.0
3.653	6.8
3.647	8.4
3.642	10.4
3.637	12.8
3.632	15.6
3.626	18.4
3.621	20.8
3.616	22.0
3.610	22.0
3.605	21.2
3.600	19.6
3.594	17.2
3.589	14.8
3.584	12.4
3.578	10.0
3.573	8.0
3.568	6.8
3.562	6.0
3.557	5.6
3.552	6.0
3.546	7.2
3.541	8.8
3.536	11.2
3.530	14.0
3.525	16.8
3.520	19.6
3.514	21.6
3.509	23.2
3.504	23.2
3.498	22.4
3.493	20.4
3.488	18.0
3.482	15.2
3.477	12.8
3.472	10.4
3.466	8.8
3.461	7.2
3.456	6.4
3.450	6.0
3.445	6.0
3.440	6.8
3.434	8.4
3.429	10.8
3.424	13.2
3.418	16.0
3.413	19.2
3.408	22.0
3.402	24.0
3.397	24.8
3.392	24.4
3.386	22.8
3.381	20.4
3.376	17.6
3.370	14.8
3.365	12.0
3.360	10.0
3.354	8.4
3.349	7.2
3.344	6.4
3.338	6.0
3.333	6.0
3.328	6.8
3.322	8.4
3.317	10.4
3.312	13.2
3.306	16.0
3.301	19.2
3.296	22.4
3.291	24.8
3.285	26.0
3.280	26.0
3.275	24.8
3.269	22.0
3.264	18.8
3.259	15.6
3.253	12.8
3.248	10.4
3.243	8.4
3.237	7.2
3.232	6.4
3.227	5.6
3.221	5.6
3.216	5.6
3.211	6.4
3.205	8.0
3.200	10.4
3.195	13.6
3.189	16.4
3.184	19.6
3.179	22.8
3.173	25.6
3.168	26.8
3.163	27.6
3.157	27.2
3.152	25.2
3.147	22.0
3.141	18.4
3.136	15.2
3.131	12.4
3.125	10.4
3.120	8.8
3.115	7.6
3.109	6.8
3.104	6.0
3.099	6.0
3.093	6.0
3.088	6.8
3.083	8.4
3.077	10.8
3.072	14.0
3.067	16.8
3.061	20.0
3.056	23.6
3.051	26.8
3.045	28.4
3.040	29.2
3.035	29.2
3.029	27.6
3.024	24.8
3.019	21.2
3.013	17.6
3.008	14.4
3.003	12.0
2.997	10.0
2.992	8.4
2.987	7.2
2.981	6.4
2.976	6.0
2.971	5.6
2.965	6.0
2.960	6.8
2.955	8.4
2.949	10.8
2.944	14.4
2.939	17.2
2.933	20.0
2.928	23.6
2.923	27.2
2.917	29.2
2.912	29.6
2.907	29.6
2.901	29.2
2.896	26.8
2.891	23.2
2.885	19.6
2.880	16.0
2.875	13.2
2.869	11.2
2.864	9.2
2.859	7.6
2.853	6.8
2.848	6.0
2.843	5.6
2.837	5.6
2.832	6.0
2.827	6.4
2.821	7.6
2.816	10.4
2.811	14.0
2.805	17.2
2.800	20.0
2.795	23.2
2.789	27.2
2.784	30.4
2.779	30.8
2.773	30.0
2.768	29.2
2.763	27.6
2.757	24.8
2.752	21.6
2.747	18.0
2.741	15.2
2.736	11.6
2.731	10.0
2.725	8.8
2.720	7.6
2.715	6.8
2.709	6.4
2.704	6.0
2.699	5.6
2.693	5.6
2.688	6.4
2.683	7.2
2.677	9.2
2.672	12.4
2.667	16.0
2.661	19.2
2.656	22.0
2.651	25.2
2.645	29.6
2.640	32.4
2.635	32.4
2.629	31.6
2.624	31.6
2.619	30.8
2.613	28.4
2.608	24.8
2.602	20.8
2.597	17.2
2.592	14.0
2.586	11.6
2.581	10.0
2.576	8.4
2.570	7.6
2.565	6.8
2.560	6.4
2.554	6.0
2.549	6.0
2.544	6.0
2.538	6.4
2.533	7.2
2.528	8.8
2.522	11.6
2.517	15.6
2.512	19.2
2.506	21.6
2.501	24.0
2.496	28.0
2.490	31.6
2.485	33.2
2.480	32.4
2.474	31.6
2.469	31.6
2.464	31.2
2.458	28.8
2.453	25.6
2.448	21.6
2.442	17.6
2.437	14.4
2.432	12.0
2.426	10.0
2.421	8.8
2.416	7.6
2.410	6.8
2.405	6.4
2.400	6.0
2.394	6.0
2.389	6.0
2.384	6.4
2.378	6.8
2.373	7.6
2.368	9.2
2.362	11.6
2.357	15.2
2.352	18.8
2.346	21.6
2.341	23.6
2.336	26.8
2.330	30.8
2.325	33.6
2.320	34.0
2.314	33.2
2.309	32.0
2.304	32.0
2.298	31.6
2.293	29.6
2.288	26.4
2.282	22.4
2.277	18.4
2.272	15.2
2.266	12.8
2.261	10.8
2.256	9.2
2.250	8.4
2.245	7.6
2.240	6.8
2.234	6.4
2.229	6.4
2.223	6.4
2.218	6.4
2.213	6.8
2.207	7.2
2.202	8.0
2.197	9.2
2.191	10.8
2.186	13.6
2.181	16.8
2.175	19.6
2.170	22.0
2.165	24.4
2.159	27.6
2.154	31.6
2.149	34.4
2.143	35.2
2.138	34.4
2.133	33.6
2.127	32.8
2.122	32.8
2.117	31.6
2.111	28.8
2.106	25.6
2.101	21.6
2.095	18.0
2.090	15.2
2.085	12.8
2.079	11.2
2.074	9.6
2.069	8.4
2.063	7.6
2.058	7.2
2.053	6.8
2.047	6.4
2.042	6.4
2.037	6.4
2.031	6.4
2.026	6.8
2.021	7.2
2.015	7.6
2.010	8.4
2.005	10.0
1.999	12.4
1.994	16.0
1.989	19.6
1.983	22.0
1.978	24.0
1.972	26.0
1.967	28.8
1.962	32.4
1.956	35.2
1.951	36.0
1.946	35.2
1.940	33.2
1.935	32.0
1.930	32.0
1.924	32.4
1.919	31.6
1.914	29.2
1.908	26.0
1.903	22.4
1.898	19.2
1.892	16.4
1.887	14.0
1.882	12.0
1.876	10.4
1.871	9.2
1.866	8.4
1.860	7.6
1.855	7.2
1.850	6.8
1.844	6.8
1.839	6.8
1.834	6.8
1.828	6.8
1.823	6.8
1.818	7.2
1.812	7.6
1.807	8.0
1.802	8.8
1.796	10.0
1.791	12.0
1.786	14.8
1.780	18.4
1.775	21.2
1.769	23.6
1.764	25.2
1.759	26.8
1.753	29.2
1.748	32.4
1.743	35.6
1.737	37.2
1.732	37.6
1.727	36.8
1.721	35.6
1.716	35.2
1.711	35.2
1.705	35.2
1.700	34.0
1.695	31.6
1.689	28.4
1.684	25.2
1.679	22.0
1.673	19.2
1.668	16.4
1.663	14.4
1.657	12.4
1.652	11.2
1.647	10.0
1.641	9.2
1.636	8.4
1.631	8.0
1.625	7.6
1.620	7.2
1.615	6.8
1.609	6.8
1.604	6.8
1.599	6.8
1.593	6.8
1.588	7.2
1.582	7.2
1.577	7.6
1.572	8.0
1.566	8.8
1.561	9.6
1.556	10.8
1.550	12.8
1.545	15.2
1.540	18.0
1.534	20.8
1.529	22.8
1.524	24.4
1.518	26.0
1.513	28.0
1.508	30.4
1.502	33.2
1.497	36.4
1.492	38.8
1.486	39.2
1.481	38.8
1.476	37.6
1.470	36.0
1.465	35.2
1.460	34.8
1.454	34.8
1.449	34.8
1.444	34.0
1.438	32.0
1.433	29.6
1.428	26.8
1.422	23.6
1.417	20.8
1.411	18.4
1.406	16.4
1.401	14.4
1.395	12.8
1.390	11.6
1.385	10.8
1.379	10.0
1.374	9.2
1.369	8.8
1.363	8.4
1.358	8.0
1.353	7.6
1.347	7.2
1.342	6.8
1.337	6.8
1.331	6.8
1.326	6.8
1.321	6.8
1.315	6.8
1.310	7.2
1.305	7.2
1.299	7.6
1.294	8.0
1.289	8.4
1.283	8.8
1.278	9.6
1.273	10.4
1.267	12.0
1.262	14.0
1.256	16.4
1.251	18.8
1.246	21.2
1.240	22.8
1.235	24.0
1.230	25.2
1.224	26.4
1.219	27.6
1.214	29.2
1.208	31.6
1.203	34.4
1.198	37.2
1.192	39.6
1.187	40.8
1.182	41.2
1.176	40.8
1.171	40.0
1.166	39.2
1.160	38.4
1.155	37.6
1.150	37.6
1.144	37.6
1.139	37.2
1.134	36.4
1.128	35.2
1.123	33.6
1.118	31.6
1.112	29.2
1.107	26.8
1.101	24.4
1.096	22.0
1.091	20.0
1.085	18.0
1.080	16.4
1.075	14.8
1.069	13.6
1.064	12.8
1.059	11.6
1.053	10.8
1.048	10.0
1.043	9.6
1.037	9.2
1.032	8.8
1.027	8.4
1.021	8.0
1.016	7.6
1.011	7.6
1.005	7.2
1.000	7.2
0.995	7.2
0.989	7.2
0.984	7.2
0.979	6.8
0.973	6.8
0.968	6.8
0.962	6.8
0.957	6.8
0.952	6.8
0.946	7.2
0.941	7.2
0.936	7.6
0.930	7.6
0.925	8.0
0.920	8.4
0.914	8.8
0.909	9.2
0.904	9.6
0.898	10.0
0.893	10.0
0.888	10.4
0.882	10.8
0.877	11.6
0.872	13.2
0.866	15.2
0.861	18.0
0.856	20.8
0.850	23.2
0.845	24.8
0.840	26.0
0.834	26.4
0.829	27.2
0.823	28.0
0.818	28.8
0.813	29.6
0.807	30.8
0.802	32.0
0.797	33.6
0.791	34.8
0.786	36.4
0.781	38.0
0.775	39.6
0.770	41.2
0.765	42.0
0.759	42.0
0.754	42.0
0.749	41.6
0.743	40.8
0.738	40.4
0.733	39.6
0.727	39.2
0.722	38.8
0.717	38.4
0.711	38.4
0.706	38.4
0.701	38.4
0.695	38.0
0.690	37.6
0.684	37.2
0.679	36.8
0.674	36.0
0.668	35.2
0.663	34.4
0.658	33.2
0.652	32.0
0.647	30.8
0.642	29.6
0.636	28.0
0.631	26.4
0.626	24.8
0.620	23.6
0.615	22.0
0.610	20.8
0.604	19.6
0.599	18.4
0.594	17.6
0.588	16.8
0.583	16.0
0.578	14.8
0.572	14.0
0.567	13.2
0.561	12.8
0.556	12.4
0.551	12.0
0.545	11.2
0.540	10.8
0.535	10.4
0.529	10.0
0.524	9.6
0.519	9.6
0.513	9.2
0.508	9.2
0.503	9.2
0.497	8.8
0.492	8.4
0.487	8.0
0.481	8.0
0.476	8.0
0.471	8.0
0.465	7.6
0.460	7.6
0.455	7.6
0.449	7.6
0.444	7.2
0.438	7.2
0.433	7.2
0.428	7.2
0.422	7.2
0.417	6.8
0.412	6.8
0.406	6.8
0.401	6.8
0.396	6.8
0.390	6.8
0.385	6.8
0.380	6.8
0.374	6.8
0.369	6.8
0.364	6.4
0.358	6.4
0.353	6.4
0.348	6.4
0.342	6.4
0.337	6.4
0.332	6.4
0.326	6.4
0.321	6.4
0.316	6.4
0.310	6.4
0.305	6.4
0.299	6.4
0.294	6.4
0.289	6.4
0.283	6.4
0.278	6.4
0.273	6.4
0.267	6.4
0.262	6.4
0.257	6.4
0.251	6.4
0.246	6.4
0.241	6.4
0.235	6.4
0.230	6.4
0.225	6.4
0.219	6.4
0.214	6.8
0.209	6.8
0.203	6.8
0.198	6.8
0.193	6.8
0.187	6.8
0.182	6.8
0.176	6.8
0.171	6.8
0.166	6.8
0.160	6.8
0.155	6.8
0.150	6.8
0.144	6.8
0.139	6.8
0.134	6.8
0.128	6.8
0.123	6.8
0.118	6.8
0.112	7.2
0.107	7.2
0.102	7.2
0.096	7.2
0.091	7.2
0.086	7.2
0.080	7.2
0.075	7.2
0.070	7.2
0.064	7.2
0.059	7.2
0.053	7.2
0.048	7.2
0.043	7.2
0.037	7.2
0.032	7.2
0.027	7.2
0.021	7.2
0.016	7.2
0.011	7.2
0.005	7.2
0.000	7.2
-0.005	7.2
-0.011	7.2
-0.016	7.2
-0.021	7.2
-0.027	7.2
-0.032	7.2
-0.037	7.2
-0.043	7.2
-0.048	7.2
-0.053	7.2
-0.059	7.2
-0.064	7.2
-0.070	7.2
-0.075	7.2
-0.080	7.2
-0.086	7.2
-0.091	7.2
-0.096	7.2
-0.102	7.2
-0.107	7.2
-0.112	6.8
-0.118	6.8
-0.123	6.8
-0.128	6.4
-0.134	6.4
-0.139	6.4
-0.144	6.4
-0.150	6.4
-0.155	6.4
-0.160	6.4
-0.166	6.4
-0.171	6.4
-0.176	6.4
-0.182	6.4
-0.187	6.4
-0.193	6.4
-0.198	6.4
-0.203	6.4
-0.209	6.4
-0.214	6.4
-0.219	6.4
-0.225	6.4
-0.230	6.4
-0.235	6.4
-0.241	6.4
-0.246	6.4
-0.251	6.4
-0.257	6.4
-0.262	6.4
-0.267	6.4
-0.273	6.4
-0.278	6.4
-0.283	6.4
-0.289	6.4
-0.294	6.4
-0.299	6.4
-0.305	6.4
-0.310	6.4
-0.316	6.4
-0.321	6.4
-0.326	6.4
-0.332	6.4
-0.337	6.8
-0.342	6.8
-0.348	6.8
-0.353	6.8
-0.358	6.8
-0.364	6.8
-0.369	6.8
-0.374	6.8
-0.380	6.8
-0.385	7.2
-0.390	7.2
-0.396	7.2
-0.401	7.6
-0.406	7.6
-0.412	8.0
-0.417	8.0
-0.422	8.4
-0.428	8.8
-0.433	8.8
-0.438	9.2
-0.444	9.2
-0.449	9.6
-0.455	10.0
-0.460	10.4
-0.465	10.4
-0.471	10.8
-0.476	11.2
-0.481	11.6
-0.487	12.0
-0.492	12.4
-0.497	12.8
-0.503	13.2
-0.508	14.0
-0.513	14.8
-0.519	16.0
-0.524	17.2
-0.529	18.4
-0.535	19.6
-0.540	21.2
-0.545	22.4
-0.551	24.0
-0.556	25.2
-0.561	26.8
-0.567	28.0
-0.572	29.2
-0.578	30.4
-0.583	31.6
-0.588	33.2
-0.594	34.4
-0.599	35.2
-0.604	36.0
-0.610	36.4
-0.615	36.8
-0.620	36.8
-0.626	36.4
-0.631	36.4
-0.636	36.0
-0.642	36.0
-0.647	36.8
-0.652	37.6
-0.658	38.4
-0.663	39.2
-0.668	40.0
-0.674	41.2
-0.679	42.0
-0.684	42.4
-0.690	42.4
-0.695	42.0
-0.701	40.8
-0.706	39.2
-0.711	37.6
-0.717	35.6
-0.722	33.6
-0.727	32.0
-0.733	30.8
-0.738	29.6
-0.743	28.8
-0.749	28.0
-0.754	27.2
-0.759	26.8
-0.765	26.4
-0.770	25.6
-0.775	24.4
-0.781	22.8
-0.786	21.2
-0.791	19.2
-0.797	17.6
-0.802	15.6
-0.807	14.0
-0.813	12.8
-0.818	11.6
-0.823	10.4
-0.829	9.6
-0.834	8.8
-0.840	8.4
-0.845	8.0
-0.850	7.6
-0.856	7.2
-0.861	7.2
-0.866	6.8
-0.872	6.8
-0.877	6.8
-0.882	6.8
-0.888	6.8
-0.893	6.4
-0.898	6.4
-0.904	6.4
-0.909	6.4
-0.914	6.4
-0.920	6.4
-0.925	6.8
-0.930	6.8
-0.936	6.8
-0.941	7.2
-0.946	7.2
-0.952	7.2
-0.957	7.6
-0.962	8.0
-0.968	8.4
-0.973	9.2
-0.979	9.6
-0.984	10.4
-0.989	11.2
-0.995	12.0
-1.000	13.2
-1.005	14.8
-1.011	16.4
-1.016	18.0
-1.021	20.0
-1.027	22.4
-1.032	24.8
-1.037	27.2
-1.043	29.6
-1.048	32.0
-1.053	34.0
-1.059	35.6
-1.064	36.4
-1.069	36.8
-1.075	36.8
-1.080	36.8
-1.085	37.2
-1.091	37.6
-1.096	38.4
-1.101	39.2
-1.107	40.0
-1.112	40.0
-1.118	38.8
-1.123	36.8
-1.128	34.4
-1.134	32.0
-1.139	30.0
-1.144	28.4
-1.150	27.2
-1.155	26.4
-1.160	25.2
-1.166	23.6
-1.171	21.6
-1.176	19.2
-1.182	16.8
-1.187	14.8
-1.192	12.8
-1.198	11.2
-1.203	10.0
-1.208	9.2
-1.214	8.4
-1.219	7.6
-1.224	7.2
-1.230	6.8
-1.235	6.8
-1.240	6.8
-1.246	6.4
-1.251	6.4
-1.256	6.4
-1.262	6.4
-1.267	6.4
-1.273	6.8
-1.278	6.8
-1.283	7.2
-1.289	7.6
-1.294	8.0
-1.299	8.4
-1.305	9.2
-1.310	9.6
-1.315	10.4
-1.321	11.6
-1.326	12.8
-1.331	14.8
-1.337	16.8
-1.342	19.2
-1.347	21.6
-1.353	24.4
-1.358	27.6
-1.363	30.8
-1.369	33.2
-1.374	34.8
-1.379	35.6
-1.385	36.0
-1.390	36.0
-1.395	36.4
-1.401	37.6
-1.406	38.8
-1.411	39.2
-1.417	38.8
-1.422	36.8
-1.428	34.4
-1.433	31.6
-1.438	29.2
-1.444	27.2
-1.449	26.0
-1.454	24.4
-1.460	22.4
-1.465	19.6
-1.470	16.8
-1.476	14.4
-1.481	12.4
-1.486	10.8
-1.492	9.6
-1.497	8.4
-1.502	8.0
-1.508	7.2
-1.513	6.8
-1.518	6.8
-1.524	6.8
-1.529	6.8
-1.534	6.8
-1.540	6.8
-1.545	7.2
-1.550	7.2
-1.556	8.0
-1.561	8.4
-1.566	8.8
-1.572	9.2
-1.577	10.0
-1.582	11.2
-1.588	12.4
-1.593	14.4
-1.599	16.8
-1.604	19.6
-1.609	22.8
-1.615	26.0
-1.620	29.2
-1.625	32.0
-1.631	33.6
-1.636	34.4
-1.641	34.8
-1.647	35.6
-1.652	36.8
-1.657	37.6
-1.663	38.0
-1.668	36.4
-1.673	34.0
-1.679	31.2
-1.684	28.8
-1.689	27.2
-1.695	25.6
-1.700	24.0
-1.705	21.2
-1.711	18.0
-1.716	15.2
-1.721	12.8
-1.727	10.8
-1.732	9.2
-1.737	8.4
-1.743	7.6
-1.748	7.2
-1.753	6.8
-1.759	6.8
-1.764	6.8
-1.769	6.8
-1.775	6.8
-1.780	6.8
-1.786	7.2
-1.791	7.6
-1.796	8.4
-1.802	9.6
-1.807	10.8
-1.812	12.4
-1.818	14.4
-1.823	16.8
-1.828	19.6
-1.834	22.8
-1.839	26.4
-1.844	29.6
-1.850	32.0
-1.855	33.6
-1.860	34.4
-1.866	35.2
-1.871	36.4
-1.876	37.2
-1.882	36.8
-1.887	34.8
-1.892	32.0
-1.898	28.8
-1.903	26.8
-1.908	24.8
-1.914	22.4
-1.919	19.6
-1.924	16.4
-1.930	13.6
-1.935	11.2
-1.940	9.6
-1.946	8.4
-1.951	7.6
-1.956	6.8
-1.962	6.8
-1.967	6.4
-1.972	6.4
-1.978	6.8
-1.983	7.2
-1.989	7.6
-1.994	8.0
-1.999	8.8
-2.005	10.0
-2.010	11.6
-2.015	13.2
-2.021	15.6
-2.026	18.4
-2.031	21.6
-2.037	25.2
-2.042	28.4
-2.047	30.8
-2.053	32.0
-2.058	32.8
-2.063	34.0
-2.069	35.2
-2.074	35.6
-2.079	34.0
-2.085	31.2
-2.090	28.4
-2.095	26.0
-2.101	24.0
-2.106	21.6
-2.111	18.4
-2.117	15.2
-2.122	12.4
-2.127	10.4
-2.133	8.8
-2.138	7.6
-2.143	7.2
-2.149	6.8
-2.154	6.8
-2.159	6.8
-2.165	6.8
-2.170	7.2
-2.175	7.6
-2.181	8.4
-2.186	9.6
-2.191	11.2
-2.197	13.2
-2.202	15.6
-2.207	18.4
-2.213	21.2
-2.218	24.4
-2.223	27.2
-2.229	30.0
-2.234	32.0
-2.240	33.2
-2.245	33.6
-2.250	32.8
-2.256	31.2
-2.261	28.8
-2.266	26.8
-2.272	24.8
-2.277	22.4
-2.282	20.0
-2.288	16.8
-2.293	13.6
-2.298	11.2
-2.304	9.2
-2.309	8.0
-2.314	7.2
-2.320	6.8
-2.325	6.4
-2.330	6.4
-2.336	6.8
-2.341	7.2
-2.346	8.0
-2.352	8.8
-2.357	10.0
-2.362	11.6
-2.368	14.0
-2.373	16.8
-2.378	20.0
-2.384	23.6
-2.389	26.8
-2.394	29.6
-2.400	31.6
-2.405	32.8
-2.410	33.6
-2.416	33.2
-2.421	31.6
-2.426	28.8
-2.432	26.0
-2.437	23.6
-2.442	20.8
-2.448	17.6
-2.453	14.4
-2.458	11.6
-2.464	9.6
-2.469	8.4
-2.474	7.2
-2.480	6.8
-2.485	6.8
-2.490	6.8
-2.496	7.2
-2.501	7.6
-2.506	8.4
-2.512	9.6
-2.517	11.2
-2.522	13.2
-2.528	16.0
-2.533	19.2
-2.538	22.8
-2.544	26.0
-2.549	28.8
-2.554	30.4
-2.560	31.6
-2.565	31.6
-2.570	31.2
-2.576	29.6
-2.581	26.8
-2.586	24.0
-2.592	21.2
-2.597	18.4
-2.602	15.2
-2.608	12.4
-2.613	10.0
-2.619	8.4
-2.624	7.6
-2.629	6.8
-2.635	6.8
-2.640	6.8
-2.645	7.2
-2.651	8.0
-2.656	9.2
-2.661	10.8
-2.667	12.8
-2.672	14.8
-2.677	17.6
-2.683	20.0
-2.688	22.4
-2.693	24.4
-2.699	26.4
-2.704	28.4
-2.709	29.6
-2.715	29.6
-2.720	28.0
-2.725	25.2
-2.731	22.4
-2.736	18.4
-2.741	16.4
-2.747	14.0
-2.752	11.6
-2.757	9.6
-2.763	8.0
-2.768	7.2
-2.773	6.8
-2.779	6.8
-2.784	7.2
-2.789	8.0
-2.795	8.8
-2.800	10.4
-2.805	12.4
-2.811	14.8
-2.816	17.6
-2.821	20.4
-2.827	23.6
-2.832	26.4
-2.837	28.0
-2.843	28.8
-2.848	28.8
-2.853	28.0
-2.859	26.0
-2.864	23.2
-2.869	20.4
-2.875	17.6
-2.880	14.8
-2.885	12.0
-2.891	10.0
-2.896	8.4
-2.901	7.2
-2.907	6.4
-2.912	6.4
-2.917	6.8
-2.923	7.6
-2.928	8.8
-2.933	10.4
-2.939	12.4
-2.944	14.8
-2.949	18.0
-2.955	21.2
-2.960	24.0
-2.965	26.4
-2.971	28.0
-2.976	28.4
-2.981	27.6
-2.987	26.0
-2.992	23.6
-2.997	20.8
-3.003	18.0
-3.008	15.2
-3.013	12.8
-3.019	10.4
-3.024	8.4
-3.029	7.2
-3.035	6.8
-3.040	6.8
-3.045	7.2
-3.051	8.0
-3.056	8.8
-3.061	10.8
-3.067	12.8
-3.072	15.2
-3.077	18.0
-3.083	20.8
-3.088	23.2
-3.093	25.2
-3.099	26.0
-3.104	26.4
-3.109	25.6
-3.115	23.6
-3.120	20.8
-3.125	17.6
-3.131	14.8
-3.136	12.4
-3.141	10.0
-3.147	8.4
-3.152	7.2
-3.157	6.4
-3.163	6.4
-3.168	6.8
-3.173	7.6
-3.179	9.2
-3.184	11.2
-3.189	13.6
-3.195	16.0
-3.200	18.8
-3.205	21.6
-3.211	23.6
-3.216	24.8
-3.221	25.2
-3.227	24.4
-3.232	23.2
-3.237	20.8
-3.243	18.4
-3.248	15.6
-3.253	13.2
-3.259	10.8
-3.264	8.8
-3.269	7.2
-3.275	6.4
-3.280	6.0
-3.285	6.0
-3.291	6.4
-3.296	7.6
-3.301	9.2
-3.306	11.6
-3.312	14.4
-3.317	17.6
-3.322	20.4
-3.328	22.4
-3.333	24.0
-3.338	24.0
-3.344	23.2
-3.349	21.6
-3.354	19.2
-3.360	16.4
-3.365	14.0
-3.370	11.6
-3.376	9.6
-3.381	8.0
-3.386	6.4
-3.392	6.0
-3.397	6.0
-3.402	6.4
-3.408	7.6
-3.413	9.6
-3.418	12.0
-3.424	14.4
-3.429	17.2
-3.434	20.0
-3.440	21.6
-3.445	22.4
-3.450	22.8
-3.456	22.0
-3.461	20.0
-3.466	17.2
-3.472	14.8
-3.477	12.4
-3.482	10.4
-3.488	8.8
-3.493	7.2
-3.498	6.4
-3.504	6.0
-3.509	6.0
-3.514	6.4
-3.520	8.0
-3.525	10.0
-3.530	12.8
-3.536	15.6
-3.541	18.4
-3.546	20.8
-3.552	22.0
-3.557	22.0
-3.562	21.2
-3.568	19.6
-3.573	17.2
-3.578	14.8
-3.584	12.4
-3.589	10.4
-3.594	8.4
-3.600	7.2
-3.605	6.4
-3.610	5.6
-3.616	5.6
-3.621	6.4
-3.626	7.6
-3.632	9.6
-3.637	12.4
-3.642	14.8
-3.647	17.6
-3.653	19.6
-3.658	20.4
-3.663	20.4
-3.669	19.6
-3.674	17.6
-3.679	15.2
-3.685	12.8
-3.690	10.8
-3.695	8.8
-3.701	7.2
-3.706	6.0
-3.711	5.2
-3.717	5.2
-3.722	5.6
-3.727	6.4
-3.733	8.0
-3.738	10.4
-3.743	12.8
-3.749	15.2
-3.754	17.6
-3.759	18.8
-3.765	19.2
-3.770	18.4
-3.775	16.4
-3.781	14.0
-3.786	12.0
-3.791	10.0
-3.797	8.4
-3.802	6.8
-3.807	5.6
-3.813	4.8
-3.818	4.8
-3.823	5.2
-3.829	6.0
-3.834	7.6
-3.839	9.6
-3.844	12.0
-3.850	14.0
-3.855	16.0
-3.860	17.2
-3.866	17.2
-3.871	16.4
-3.876	14.8
-3.882	12.4
-3.887	10.4
-3.892	8.4
-3.898	6.8
-3.903	5.6
-3.908	4.8
-3.914	4.4
-3.919	4.4
-3.924	4.4
-3.930	5.2
-3.935	7.2
-3.940	9.2
-3.946	11.6
-3.951	13.6
-3.956	14.8
-3.962	15.2
-3.967	14.4
-3.972	12.8
-3.978	11.2
-3.983	9.2
-3.988	7.6
-3.994	6.4
-3.999	5.2
-4.004	4.4
-4.009	4.0
-4.015	4.0
-4.020	4.4
-4.025	5.2
-4.031	6.4
-4.036	8.0
-4.041	9.6
-4.047	11.2
-4.052	12.4
-4.057	12.8
-4.063	12.0
-4.068	10.8
-4.073	9.2
-4.079	7.6
-4.084	6.4
-4.089	5.2
-4.095	4.4
-4.100	4.0
-4.105	3.6
-4.111	3.6
-4.116	4.0
-4.121	4.4
-4.127	5.6
-4.132	7.2
-4.137	8.8
-4.143	9.6
-4.148	10.4
-4.153	10.4
-4.158	9.6
-4.164	8.4
-4.169	7.2
-4.174	6.0
-4.180	4.8
-4.185	4.0
-4.190	3.6
-4.196	3.2
-4.201	3.2
-4.206	3.2
-4.212	3.6
-4.217	4.4
-4.222	5.6
-4.228	6.4
-4.233	7.2
-4.238	8.0
-4.244	8.0
-4.249	7.6
-4.254	6.8
-4.260	6.0
-4.265	5.2
-4.270	4.4
-4.275	3.6
-4.281	3.2
-4.286	2.8
-4.291	2.8
-4.297	2.8
-4.302	3.2
-4.307	3.6
-4.313	4.4
-4.318	5.2
-4.323	6.0
-4.329	6.4
-4.334	6.4
-4.339	6.0
-4.345	5.2
-4.350	4.4
-4.355	3.6
-4.361	3.2
-4.366	2.8
-4.371	2.4
-4.377	2.0
-4.382	2.0
-4.387	2.4
-4.392	2.8
-4.398	3.2
-4.403	4.0
-4.408	4.4
-4.414	4.8
-4.419	5.2
-4.424	4.8
-4.430	4.4
-4.435	4.0
-4.440	3.6
-4.446	3.2
-4.451	2.4
-4.456	2.0
-4.462	2.0
-4.467	2.0
-4.472	2.0
-4.478	2.4
-4.483	2.8
-4.488	3.2
-4.493	3.6
-4.499	4.0
-4.504	4.0
-4.509	3.6
-4.515	3.2
-4.520	3.2
-4.525	2.8
-4.531	2.4
-4.536	2.0
-4.541	2.0
-4.547	1.6
-4.552	1.6
-4.557	1.6
-4.563	1.6
-4.568	2.0
-4.573	2.4
-4.578	2.8
-4.584	3.2
-4.589	3.2
-4.594	3.2
-4.600	2.8
-4.605	2.8
-4.610	2.4
-4.616	2.0
-4.621	1.6
-4.626	1.2
-4.632	1.2
-4.637	1.2
-4.642	1.2
-4.648	1.6
-4.653	1.6
-4.658	2.0
-4.663	2.4
-4.669	2.4
-4.674	2.4
-4.679	2.4
-4.685	2.0
-4.690	2.0
-4.695	1.6
-4.701	1.2
-4.706	1.2
-4.711	1.2
-4.717	1.2
-4.722	1.2
-4.727	1.2
-4.733	1.2
-4.738	1.2
-4.743	1.6
-4.748	1.6
-4.754	1.6
-4.759	1.6
-4.764	1.6
-4.770	1.6
-4.775	1.2
-4.780	1.2
-4.786	1.2
-4.791	0.8
-4.796	0.8
-4.802	0.8
-4.807	0.8
-4.812	0.8
-4.818	1.2
-4.823	1.2
-4.828	1.2
-4.833	1.2
-4.839	1.2
-4.844	1.2
-4.849	1.2
-4.855	1.2
-4.860	0.8
-4.865	0.8
-4.871	0.8
-4.876	0.8
-4.881	0.8
-4.887	0.8
-4.892	0.8
-4.897	0.8
-4.902	0.8
-4.908	0.8
-4.913	0.8
-4.918	0.8
-4.924	0.8
-4.929	0.8
-4.934	0.8
-4.940	0.8
-4.945	0.8
-4.950	0.8
-4.956	0.8
-4.961	0.8
-4.966	0.8
-4.971	0.8
-4.977	0.8
-4.982	0.8
-4.987	0.8
-4.993	0.8
-4.998	0.8
-5.003	0.8
-5.009	0.8
-5.014	0.8
-5.019	0.8
-5.025	0.8
-5.030	0.8
-5.035	0.8
-5.040	0.8
-5.046	0.8
-5.051	0.8
-5.056	0.8
-5.062	0.8
-5.067	0.8
-5.072	0.8
-5.078	0.8
-5.083	0.8
-5.088	0.8
-5.094	0.4
-5.099	0.4
-5.104	0.4
-5.109	0.4
-5.115	0.4
-5.120	0.4
-5.125	0.4
-5.131	0.4
-5.136	0.4
-5.141	0.4
-5.147	0.4
-5.152	0.4
-5.157	0.4
-5.162	0.4
-5.168	0.4
-5.173	0.4
-5.178	0.4
-5.184	0.4
-5.189	0.4
-5.194	0.4
-5.200	0.4
-5.205	0.4
-5.210	0.4
-5.216	0.4
-5.221	0.4
-5.226	0.4
-5.231	0.4
-5.237	0.4
-5.242	0.4
-5.247	0.4
-5.253	0.4
-5.258	0.4
-5.263	0.4
-5.269	0.4
-5.274	0.4
-5.279	0.4
-5.284	0.4
-5.290	0.4
-5.295	0.4
-5.300	0.4
-5.306	0.4
-5.311	0.4
-5.316	0.4
-5.322	0.4
-5.327	0.4
-5.332	0.4
-5.337	0.4
-5.343	0.4
-5.348	0.4
-5.353	0.4
-5.359	0.4
-5.364	0.4
-5.369	0.4
-5.375	0.4
-5.380	0.4
-5.385	0.4
-5.390	0.4
-5.396	0.4
-5.401	0.4
-5.406	0.4
-5.412	0.4
-5.417	0.4
-5.422	0.4
-5.428	0.4
-5.433	0.4
-5.438	0.4
-5.443	0.4
-5.449	0.4
-5.454	0.4
