#&a / °	I1 / %
5.459	1.2
5.454	1.2
5.449	1.2
5.443	1.2
5.438	1.2
5.433	1.2
5.428	1.2
5.422	1.2
5.417	1.2
5.412	1.2
5.406	1.2
5.401	1.2
5.396	1.2
5.390	1.2
5.385	1.2
5.380	1.2
5.375	1.2
5.369	1.2
5.364	1.2
5.359	1.2
5.353	1.2
5.348	1.2
5.343	1.2
5.337	1.2
5.332	1.2
5.327	1.2
5.322	1.2
5.316	1.2
5.311	1.2
5.306	1.2
5.300	1.2
5.295	1.2
5.290	1.2
5.284	1.2
5.279	1.2
5.274	1.2
5.269	1.2
5.263	1.2
5.258	1.2
5.253	1.2
5.247	1.2
5.242	1.2
5.237	1.2
5.231	1.2
5.226	1.2
5.221	1.2
5.216	1.2
5.210	1.2
5.205	1.2
5.200	1.2
5.194	1.2
5.189	1.2
5.184	1.2
5.178	1.2
5.173	1.2
5.168	1.2
5.162	1.2
5.157	1.2
5.152	1.2
5.147	1.2
5.141	1.2
5.136	1.2
5.131	1.2
5.125	1.2
5.120	1.2
5.115	1.2
5.109	1.2
5.104	1.2
5.099	1.2
5.094	1.2
5.088	1.2
5.083	1.2
5.078	1.2
5.072	1.2
5.067	1.2
5.062	1.2
5.056	1.2
5.051	1.2
5.046	1.2
5.040	1.2
5.035	1.2
5.030	1.6
5.025	1.6
5.019	1.6
5.014	1.6
5.009	1.6
5.003	1.6
4.998	1.6
4.993	1.6
4.987	1.6
4.982	1.6
4.977	1.6
4.971	1.6
4.966	1.6
4.961	1.6
4.956	1.6
4.950	1.6
4.945	1.6
4.940	1.6
4.934	1.6
4.929	1.6
4.924	1.6
4.918	1.6
4.913	1.6
4.908	1.6
4.902	1.6
4.897	2.0
4.892	2.0
4.887	2.0
4.881	2.0
4.876	2.4
4.871	2.4
4.865	2.4
4.860	2.4
4.855	2.4
4.849	2.4
4.844	2.4
4.839	2.4
4.833	2.4
4.828	2.4
4.823	2.4
4.818	2.8
4.812	2.8
4.807	3.2
4.802	3.2
4.796	3.2
4.791	3.2
4.786	3.2
4.780	3.2
4.775	3.6
4.770	3.6
4.764	3.6
4.759	3.2
4.754	3.2
4.748	3.2
4.743	3.6
4.738	3.6
4.733	4.0
4.727	4.0
4.722	4.4
4.717	4.4
4.711	4.4
4.706	4.4
4.701	4.4
4.695	4.4
4.690	4.4
4.685	4.4
4.679	4.0
4.674	4.0
4.669	4.0
4.663	4.0
4.658	4.4
4.653	4.8
4.648	5.2
4.642	5.6
4.637	6.0
4.632	6.4
4.626	6.4
4.621	6.4
4.616	6.4
4.610	6.4
4.605	6.0
4.600	5.6
4.594	5.2
4.589	4.8
4.584	4.8
4.578	5.2
4.573	6.0
4.568	6.4
4.563	6.8
4.557	7.2
4.552	8.4
4.547	8.8
4.541	8.8
4.536	8.4
4.531	8.4
4.525	8.0
4.520	7.6
4.515	6.8
4.509	6.0
4.504	5.6
4.499	5.6
4.493	6.0
4.488	6.8
4.483	7.6
4.478	8.4
4.472	9.2
4.467	10.4
4.462	11.2
4.456	11.2
4.451	10.8
4.446	10.4
4.440	10.4
4.435	9.6
4.430	8.4
4.424	7.2
4.419	6.8
4.414	6.8
4.408	7.6
4.403	8.8
4.398	9.6
4.392	10.0
4.387	10.8
4.382	12.4
4.377	14.0
4.371	14.0
4.366	13.6
4.361	12.8
4.355	12.4
4.350	11.6
4.345	10.0
4.339	8.8
4.334	8.0
4.329	8.0
4.323	8.8
4.318	9.6
4.313	11.2
4.307	12.4
4.302	13.2
4.297	14.4
4.291	15.6
4.286	16.4
4.281	16.0
4.275	15.6
4.270	15.2
4.265	14.4
4.260	12.8
4.254	11.2
4.249	9.6
4.244	9.2
4.238	9.6
4.233	10.4
4.228	11.6
4.222	12.8
4.217	14.4
4.212	15.6
4.206	17.2
4.201	18.8
4.196	19.6
4.190	19.2
4.185	18.0
4.180	17.2
4.174	16.0
4.169	14.4
4.164	12.4
4.158	10.8
4.153	10.0
4.148	10.8
4.143	11.6
4.137	12.8
4.132	14.4
4.127	16.4
4.121	18.4
4.116	20.0
4.111	21.2
4.105	21.6
4.100	21.6
4.095	20.8
4.089	19.6
4.084	18.4
4.079	16.8
4.073	14.8
4.068	13.2
4.063	12.4
4.057	12.4
4.052	12.8
4.047	13.6
4.041	14.8
4.036	16.8
4.031	19.2
4.025	21.2
4.020	22.8
4.015	24.0
4.009	24.8
4.004	24.8
3.999	24.0
3.994	22.0
3.988	20.0
3.983	18.0
3.978	16.0
3.972	14.4
3.967	13.6
3.962	13.6
3.956	14.4
3.951	15.2
3.946	16.8
3.940	19.2
3.935	21.6
3.930	23.6
3.924	24.4
3.919	25.2
3.914	26.8
3.908	27.6
3.903	26.8
3.898	24.4
3.892	21.6
3.887	19.2
3.882	17.2
3.876	15.6
3.871	14.8
3.866	14.8
3.860	15.2
3.855	16.0
3.850	16.8
3.844	18.8
3.839	22.0
3.834	24.8
3.829	26.4
3.823	26.8
3.818	27.6
3.813	28.8
3.807	29.2
3.802	27.6
3.797	24.8
3.791	22.4
3.786	20.4
3.781	18.4
3.775	16.4
3.770	15.6
3.765	15.6
3.759	16.0
3.754	16.8
3.749	18.0
3.743	20.4
3.738	24.0
3.733	27.2
3.727	29.2
3.722	29.6
3.717	30.0
3.711	30.8
3.706	31.2
3.701	29.6
3.695	26.8
3.690	23.6
3.685	21.2
3.679	19.2
3.674	17.2
3.669	16.4
3.663	16.4
3.658	17.2
3.653	18.0
3.647	19.2
3.642	21.2
3.637	24.4
3.632	28.0
3.626	30.4
3.621	31.2
3.616	31.2
3.610	31.2
3.605	32.0
3.600	31.6
3.594	29.6
3.589	26.4
3.584	23.2
3.578	20.8
3.573	18.4
3.568	16.4
3.562	16.0
3.557	16.8
3.552	18.0
3.546	19.2
3.541	20.8
3.536	22.8
3.530	25.6
3.525	29.2
3.520	32.0
3.514	32.8
3.509	33.2
3.504	33.2
3.498	34.0
3.493	33.6
3.488	31.6
3.482	28.4
3.477	25.2
3.472	22.0
3.466	19.6
3.461	17.6
3.456	16.4
3.450	16.8
3.445	18.4
3.440	19.6
3.434	20.8
3.429	22.0
3.424	24.4
3.418	28.0
3.413	32.0
3.408	34.4
3.402	35.2
3.397	34.8
3.392	34.4
3.386	34.4
3.381	33.6
3.376	31.6
3.370	28.4
3.365	24.8
3.360	21.6
3.354	18.8
3.349	17.2
3.344	16.4
3.338	16.8
3.333	18.4
3.328	20.4
3.322	22.0
3.317	23.6
3.312	25.2
3.306	28.0
3.301	32.0
3.296	36.0
3.291	37.6
3.285	37.6
3.280	36.4
3.275	34.8
3.269	33.6
3.264	31.6
3.259	28.8
3.253	25.2
3.248	21.6
3.243	18.8
3.237	16.4
3.232	15.2
3.227	14.8
3.221	16.0
3.216	18.4
3.211	20.8
3.205	23.2
3.200	24.4
3.195	25.6
3.189	28.0
3.184	32.0
3.179	36.8
3.173	39.6
3.168	40.0
3.163	38.4
3.157	36.4
3.152	35.6
3.147	35.6
3.141	34.4
3.136	31.6
3.131	27.6
3.125	23.6
3.120	20.0
3.115	17.6
3.109	16.0
3.104	15.6
3.099	16.8
3.093	19.6
3.088	22.8
3.083	25.2
3.077	26.4
3.072	26.8
3.067	28.4
3.061	32.4
3.056	38.0
3.051	42.0
3.045	42.8
3.040	40.8
3.035	38.0
3.029	36.8
3.024	37.6
3.019	38.4
3.013	36.0
3.008	32.0
3.003	27.2
2.997	23.2
2.992	19.6
2.987	17.2
2.981	15.6
2.976	15.2
2.971	16.4
2.965	20.0
2.960	23.6
2.955	26.4
2.949	27.6
2.944	28.0
2.939	28.4
2.933	31.6
2.928	37.6
2.923	43.2
2.917	45.2
2.912	43.6
2.907	40.0
2.901	37.2
2.896	36.4
2.891	37.6
2.885	38.0
2.880	35.6
2.875	31.2
2.869	26.4
2.864	22.0
2.859	18.8
2.853	16.4
2.848	15.2
2.843	14.8
2.837	16.0
2.832	19.6
2.827	24.0
2.821	27.6
2.816	29.2
2.811	29.2
2.805	29.2
2.800	31.2
2.795	36.4
2.789	43.2
2.784	47.2
2.779	46.8
2.773	43.2
2.768	38.4
2.763	35.2
2.757	34.4
2.752	36.8
2.747	38.0
2.741	35.6
2.736	30.8
2.731	26.4
2.725	22.4
2.720	19.2
2.715	16.8
2.709	15.2
2.704	14.8
2.699	15.2
2.693	18.0
2.688	22.8
2.683	27.6
2.677	30.4
2.672	31.2
2.667	30.4
2.661	30.4
2.656	32.8
2.651	38.4
2.645	45.6
2.640	50.0
2.635	49.2
2.629	45.2
2.624	40.8
2.619	37.2
2.613	36.8
2.608	39.2
2.602	41.2
2.597	39.6
2.592	35.2
2.586	30.0
2.581	25.2
2.576	21.2
2.570	18.0
2.565	16.0
2.560	14.8
2.554	14.4
2.549	15.6
2.544	18.4
2.538	23.2
2.533	28.4
2.528	31.6
2.522	32.4
2.517	31.6
2.512	31.2
2.506	32.0
2.501	36.0
2.496	42.8
2.490	49.6
2.485	51.6
2.480	49.2
2.474	44.8
2.469	40.0
2.464	36.8
2.458	36.4
2.453	39.2
2.448	42.0
2.442	41.6
2.437	37.6
2.432	32.4
2.426	27.2
2.421	22.8
2.416	19.2
2.410	16.8
2.405	15.2
2.400	14.8
2.394	14.8
2.389	16.0
2.384	19.2
2.378	24.0
2.373	29.2
2.368	32.8
2.362	33.6
2.357	32.8
2.352	32.0
2.346	32.0
2.341	34.4
2.336	40.0
2.330	47.6
2.325	52.8
2.320	53.2
2.314	49.6
2.309	44.4
2.304	39.6
2.298	36.8
2.293	36.8
2.288	39.6
2.282	42.8
2.277	43.2
2.272	40.0
2.266	34.8
2.261	29.6
2.256	24.8
2.250	21.2
2.245	18.4
2.240	16.8
2.234	15.6
2.229	15.2
2.223	15.6
2.218	16.8
2.213	19.6
2.207	24.0
2.202	29.2
2.197	33.2
2.191	34.4
2.186	34.0
2.181	32.8
2.175	32.0
2.170	32.8
2.165	35.6
2.159	41.6
2.154	49.2
2.149	54.0
2.143	54.8
2.138	51.6
2.133	47.2
2.127	42.4
2.122	38.8
2.117	37.2
2.111	38.4
2.106	41.6
2.101	44.8
2.095	44.8
2.090	41.2
2.085	36.0
2.079	30.8
2.074	26.0
2.069	22.4
2.063	19.6
2.058	17.6
2.053	16.4
2.047	15.6
2.042	15.6
2.037	16.0
2.031	17.2
2.026	19.6
2.021	24.0
2.015	29.2
2.010	33.6
2.005	35.6
1.999	35.6
1.994	35.2
1.989	34.4
1.983	34.0
1.978	34.8
1.972	37.6
1.967	43.2
1.962	50.0
1.956	54.8
1.951	56.0
1.946	52.8
1.940	48.0
1.935	42.8
1.930	39.2
1.924	37.2
1.919	36.8
1.914	38.8
1.908	42.0
1.903	45.2
1.898	45.6
1.892	43.2
1.887	39.2
1.882	34.0
1.876	29.2
1.871	25.2
1.866	22.0
1.860	19.6
1.855	17.6
1.850	16.4
1.844	16.0
1.839	15.6
1.834	16.0
1.828	16.4
1.823	18.0
1.818	20.8
1.812	25.2
1.807	30.0
1.802	34.0
1.796	36.4
1.791	36.8
1.786	36.4
1.780	35.6
1.775	34.8
1.769	34.8
1.764	36.0
1.759	39.2
1.753	44.0
1.748	50.0
1.743	55.2
1.737	58.0
1.732	57.6
1.727	54.8
1.721	51.2
1.716	46.8
1.711	43.2
1.705	40.4
1.700	39.2
1.695	39.6
1.689	42.0
1.684	45.2
1.679	47.2
1.673	46.8
1.668	44.0
1.663	40.0
1.657	35.6
1.652	31.2
1.647	27.2
1.641	24.0
1.636	21.6
1.631	19.6
1.625	18.4
1.620	17.2
1.615	16.4
1.609	16.0
1.604	16.0
1.599	16.4
1.593	17.2
1.588	19.2
1.582	22.0
1.577	25.6
1.572	29.6
1.566	33.6
1.561	36.4
1.556	37.6
1.550	37.2
1.545	36.4
1.540	35.6
1.534	35.2
1.529	35.2
1.524	36.0
1.518	38.0
1.513	41.2
1.508	46.0
1.502	51.2
1.497	56.4
1.492	59.6
1.486	60.0
1.481	58.4
1.476	55.2
1.470	51.2
1.465	47.6
1.460	44.4
1.454	41.6
1.449	40.0
1.444	39.6
1.438	40.8
1.433	43.2
1.428	46.0
1.422	48.0
1.417	48.8
1.411	47.6
1.406	45.2
1.401	41.6
1.395	37.6
1.390	33.6
1.385	30.0
1.379	26.8
1.374	24.4
1.369	22.0
1.363	20.4
1.358	19.2
1.353	18.0
1.347	16.8
1.342	16.4
1.337	16.0
1.331	16.0
1.326	16.4
1.321	17.2
1.315	18.0
1.310	19.6
1.305	21.6
1.299	24.4
1.294	28.0
1.289	31.6
1.283	34.4
1.278	36.8
1.273	38.0
1.267	38.4
1.262	38.0
1.256	37.6
1.251	36.8
1.246	36.4
1.240	36.0
1.235	36.0
1.230	36.4
1.224	37.6
1.219	40.0
1.214	43.6
1.208	48.0
1.203	52.8
1.198	56.8
1.192	60.0
1.187	61.6
1.182	62.0
1.176	60.8
1.171	58.8
1.166	56.0
1.160	53.2
1.155	50.0
1.150	47.2
1.144	44.4
1.139	42.4
1.134	41.2
1.128	40.8
1.123	41.6
1.118	43.2
1.112	45.6
1.107	48.0
1.101	49.6
1.096	50.0
1.091	49.6
1.085	48.0
1.080	46.0
1.075	43.6
1.069	40.8
1.064	37.6
1.059	34.4
1.053	31.6
1.048	28.8
1.043	26.0
1.037	24.0
1.032	22.4
1.027	21.2
1.021	20.0
1.016	18.8
1.011	18.0
1.005	17.6
1.000	17.2
0.995	16.8
0.989	16.8
0.984	16.4
0.979	16.4
0.973	16.4
0.968	16.8
0.962	17.2
0.957	18.0
0.952	19.2
0.946	20.8
0.941	22.4
0.936	24.4
0.930	27.2
0.925	30.0
0.920	32.8
0.914	35.6
0.909	37.2
0.904	37.6
0.898	36.8
0.893	34.8
0.888	32.8
0.882	31.2
0.877	30.4
0.872	31.2
0.866	32.4
0.861	34.0
0.856	35.6
0.850	36.8
0.845	37.2
0.840	37.6
0.834	38.0
0.829	38.8
0.823	40.0
0.818	41.2
0.813	43.2
0.807	46.0
0.802	48.4
0.797	51.2
0.791	54.0
0.786	56.4
0.781	58.8
0.775	61.2
0.770	62.8
0.765	63.6
0.759	63.2
0.754	62.4
0.749	61.6
0.743	60.4
0.738	58.8
0.733	56.8
0.727	54.8
0.722	52.8
0.717	50.8
0.711	48.8
0.706	47.2
0.701	45.2
0.695	43.6
0.690	42.4
0.684	41.6
0.679	40.8
0.674	40.4
0.668	40.4
0.663	40.8
0.658	41.6
0.652	42.8
0.647	44.4
0.642	46.0
0.636	47.6
0.631	48.8
0.626	50.0
0.620	50.8
0.615	51.2
0.610	51.2
0.604	50.8
0.599	50.4
0.594	49.6
0.588	48.8
0.583	47.2
0.578	45.2
0.572	43.2
0.567	41.2
0.561	39.6
0.556	38.0
0.551	36.4
0.545	34.8
0.540	33.2
0.535	32.0
0.529	30.4
0.524	28.8
0.519	27.6
0.513	26.4
0.508	25.6
0.503	24.4
0.497	23.6
0.492	22.8
0.487	22.0
0.481	21.2
0.476	20.4
0.471	20.0
0.465	19.6
0.460	18.8
0.455	18.4
0.449	18.0
0.444	17.6
0.438	17.2
0.433	16.8
0.428	16.8
0.422	16.8
0.417	16.4
0.412	16.4
0.406	16.0
0.401	16.0
0.396	15.6
0.390	15.6
0.385	15.6
0.380	15.6
0.374	15.6
0.369	15.6
0.364	15.2
0.358	15.2
0.353	15.2
0.348	15.2
0.342	15.2
0.337	15.2
0.332	15.2
0.326	15.6
0.321	15.6
0.316	16.0
0.310	16.0
0.305	16.4
0.299	16.4
0.294	16.4
0.289	16.8
0.283	16.8
0.278	16.8
0.273	17.2
0.267	17.2
0.262	17.6
0.257	18.0
0.251	18.4
0.246	18.8
0.241	18.8
0.235	19.2
0.230	19.6
0.225	20.0
0.219	20.4
0.214	20.4
0.209	20.8
0.203	21.2
0.198	21.6
0.193	22.0
0.187	22.4
0.182	22.8
0.176	23.2
0.171	23.2
0.166	23.6
0.160	24.0
0.155	24.4
0.150	24.8
0.144	25.2
0.139	25.6
0.134	25.6
0.128	25.6
0.123	26.0
0.118	26.4
0.112	26.8
0.107	26.8
0.102	27.2
0.096	27.2
0.091	27.6
0.086	28.0
0.080	28.0
0.075	28.0
0.070	28.4
0.064	28.4
0.059	28.4
0.053	28.4
0.048	28.4
0.043	28.4
0.037	28.4
0.032	28.4
0.027	28.4
0.021	28.4
0.016	28.4
0.011	28.4
0.005	28.4
0.000	28.0
-0.005	28.0
-0.011	27.6
-0.016	27.6
-0.021	27.6
-0.027	27.6
-0.032	27.2
-0.037	26.8
-0.043	26.8
-0.048	26.4
-0.053	26.0
-0.059	25.6
-0.064	25.2
-0.070	25.2
-0.075	24.8
-0.080	24.4
-0.086	24.0
-0.091	23.6
-0.096	23.2
-0.102	22.8
-0.107	22.4
-0.112	22.0
-0.118	21.2
-0.123	20.8
-0.128	20.4
-0.134	20.0
-0.139	20.0
-0.144	20.0
-0.150	19.6
-0.155	19.6
-0.160	19.2
-0.166	18.8
-0.171	18.4
-0.176	18.0
-0.182	18.0
-0.187	17.6
-0.193	17.2
-0.198	17.2
-0.203	17.2
-0.209	16.8
-0.214	16.8
-0.219	16.4
-0.225	16.4
-0.230	16.4
-0.235	16.0
-0.241	16.0
-0.246	16.0
-0.251	16.0
-0.257	15.6
-0.262	15.6
-0.267	15.6
-0.273	15.6
-0.278	15.6
-0.283	15.6
-0.289	15.2
-0.294	15.2
-0.299	15.2
-0.305	15.2
-0.310	15.2
-0.316	15.2
-0.321	15.2
-0.326	15.6
-0.332	15.6
-0.337	15.6
-0.342	16.0
-0.348	16.4
-0.353	16.4
-0.358	16.4
-0.364	16.8
-0.369	16.8
-0.374	16.8
-0.380	17.2
-0.385	17.6
-0.390	18.0
-0.396	18.8
-0.401	19.6
-0.406	20.0
-0.412	20.8
-0.417	21.2
-0.422	22.0
-0.428	22.8
-0.433	24.0
-0.438	25.2
-0.444	26.4
-0.449	27.6
-0.455	28.8
-0.460	30.4
-0.465	32.0
-0.471	33.6
-0.476	35.6
-0.481	37.6
-0.487	39.2
-0.492	40.8
-0.497	42.0
-0.503	43.2
-0.508	44.4
-0.513	46.0
-0.519	48.4
-0.524	50.0
-0.529	51.6
-0.535	52.4
-0.540	52.4
-0.545	52.0
-0.551	50.8
-0.556	49.2
-0.561	47.6
-0.567	45.6
-0.572	44.0
-0.578	42.4
-0.583	40.8
-0.588	40.0
-0.594	39.6
-0.599	39.6
-0.604	39.6
-0.610	40.0
-0.615	40.8
-0.620	41.6
-0.626	42.4
-0.631	43.6
-0.636	45.2
-0.642	47.6
-0.647	50.0
-0.652	52.4
-0.658	54.4
-0.663	56.4
-0.668	58.8
-0.674	60.8
-0.679	62.4
-0.684	63.6
-0.690	64.0
-0.695	64.0
-0.701	63.2
-0.706	61.2
-0.711	58.4
-0.717	55.2
-0.722	52.0
-0.727	48.8
-0.733	45.6
-0.738	42.8
-0.743	40.4
-0.749	38.8
-0.754	37.6
-0.759	36.4
-0.765	36.0
-0.770	35.6
-0.775	35.6
-0.781	35.6
-0.786	36.0
-0.791	36.4
-0.797	36.8
-0.802	37.6
-0.807	38.4
-0.813	38.8
-0.818	39.6
-0.823	39.6
-0.829	38.8
-0.834	37.6
-0.840	35.2
-0.845	32.4
-0.850	30.0
-0.856	27.2
-0.861	24.8
-0.866	22.4
-0.872	20.4
-0.877	18.8
-0.882	17.6
-0.888	16.8
-0.893	16.4
-0.898	16.0
-0.904	15.6
-0.909	15.6
-0.914	15.6
-0.920	15.6
-0.925	15.6
-0.930	16.0
-0.936	16.4
-0.941	16.8
-0.946	17.6
-0.952	18.4
-0.957	19.6
-0.962	21.2
-0.968	23.2
-0.973	25.2
-0.979	28.0
-0.984	30.8
-0.989	34.4
-0.995	38.0
-1.000	41.6
-1.005	44.8
-1.011	48.0
-1.016	49.6
-1.021	50.0
-1.027	49.6
-1.032	48.0
-1.037	45.6
-1.043	43.6
-1.048	41.6
-1.053	40.4
-1.059	40.4
-1.064	41.2
-1.069	42.8
-1.075	44.8
-1.080	46.8
-1.085	49.6
-1.091	52.4
-1.096	55.6
-1.101	58.4
-1.107	60.4
-1.112	61.6
-1.118	60.8
-1.123	58.0
-1.128	54.0
-1.134	49.6
-1.139	45.6
-1.144	42.0
-1.150	39.2
-1.155	37.2
-1.160	36.0
-1.166	35.2
-1.171	34.8
-1.176	35.2
-1.182	35.6
-1.187	36.4
-1.192	37.6
-1.198	38.0
-1.203	37.6
-1.208	35.6
-1.214	32.8
-1.219	29.2
-1.224	26.0
-1.230	22.8
-1.235	20.4
-1.240	18.8
-1.246	17.2
-1.251	16.4
-1.256	16.0
-1.262	15.6
-1.267	15.6
-1.273	16.0
-1.278	16.4
-1.283	17.2
-1.289	18.4
-1.294	19.6
-1.299	21.6
-1.305	24.0
-1.310	26.8
-1.315	30.4
-1.321	34.4
-1.326	38.4
-1.331	42.8
-1.337	46.0
-1.342	48.0
-1.347	48.4
-1.353	46.8
-1.358	44.8
-1.363	42.8
-1.369	41.2
-1.374	41.2
-1.379	42.0
-1.385	43.6
-1.390	46.4
-1.395	49.6
-1.401	52.8
-1.406	56.4
-1.411	59.2
-1.417	59.6
-1.422	58.0
-1.428	54.0
-1.433	49.2
-1.438	44.0
-1.444	40.0
-1.449	37.2
-1.454	35.2
-1.460	34.4
-1.465	34.0
-1.470	34.8
-1.476	35.6
-1.481	36.4
-1.486	36.4
-1.492	34.8
-1.497	32.0
-1.502	28.4
-1.508	24.4
-1.513	21.2
-1.518	19.2
-1.524	17.6
-1.529	16.8
-1.534	16.4
-1.540	16.4
-1.545	16.8
-1.550	17.2
-1.556	18.4
-1.561	19.6
-1.566	21.6
-1.572	24.4
-1.577	27.6
-1.582	31.6
-1.588	36.0
-1.593	40.8
-1.599	44.4
-1.604	46.8
-1.609	46.8
-1.615	44.8
-1.620	42.4
-1.625	40.8
-1.631	40.8
-1.636	42.0
-1.641	44.8
-1.647	48.0
-1.652	52.0
-1.657	55.2
-1.663	57.2
-1.668	56.4
-1.673	53.2
-1.679	48.4
-1.684	43.6
-1.689	39.6
-1.695	37.2
-1.700	35.6
-1.705	35.2
-1.711	35.2
-1.716	35.6
-1.721	36.0
-1.727	35.2
-1.732	32.8
-1.737	29.6
-1.743	25.6
-1.748	22.4
-1.753	19.6
-1.759	18.0
-1.764	16.8
-1.769	16.0
-1.775	16.0
-1.780	16.4
-1.786	17.6
-1.791	19.6
-1.796	22.4
-1.802	25.6
-1.807	29.6
-1.812	34.4
-1.818	38.8
-1.823	42.8
-1.828	45.2
-1.834	45.2
-1.839	43.6
-1.844	41.6
-1.850	40.8
-1.855	42.0
-1.860	44.4
-1.866	48.0
-1.871	51.6
-1.876	54.8
-1.882	56.0
-1.887	54.0
-1.892	49.6
-1.898	44.4
-1.903	40.0
-1.908	36.8
-1.914	35.2
-1.919	34.4
-1.924	34.4
-1.930	34.8
-1.935	34.4
-1.940	32.4
-1.946	29.2
-1.951	25.2
-1.956	21.6
-1.962	19.2
-1.967	17.6
-1.972	16.8
-1.978	16.8
-1.983	17.2
-1.989	18.4
-1.994	20.4
-1.999	23.2
-2.005	26.4
-2.010	30.8
-2.015	35.2
-2.021	39.6
-2.026	42.8
-2.031	43.6
-2.037	42.4
-2.042	40.8
-2.047	40.0
-2.053	40.8
-2.058	43.2
-2.063	46.8
-2.069	50.4
-2.074	52.8
-2.079	52.4
-2.085	48.8
-2.090	43.6
-2.095	39.2
-2.101	36.0
-2.106	34.4
-2.111	34.0
-2.117	34.0
-2.122	34.0
-2.127	32.4
-2.133	29.6
-2.138	25.6
-2.143	22.0
-2.149	19.2
-2.154	17.6
-2.159	16.8
-2.165	16.8
-2.170	18.0
-2.175	19.6
-2.181	22.0
-2.186	25.6
-2.191	29.6
-2.197	34.0
-2.202	38.0
-2.207	41.2
-2.213	41.6
-2.218	40.4
-2.223	39.2
-2.229	40.0
-2.234	42.4
-2.240	45.6
-2.245	48.0
-2.250	48.8
-2.256	47.6
-2.261	44.8
-2.266	41.2
-2.272	37.6
-2.277	34.8
-2.282	33.2
-2.288	32.8
-2.293	32.4
-2.298	31.6
-2.304	29.6
-2.309	26.4
-2.314	22.8
-2.320	19.6
-2.325	17.6
-2.330	17.2
-2.336	17.2
-2.341	18.0
-2.346	20.0
-2.352	22.8
-2.357	26.4
-2.362	30.0
-2.368	34.0
-2.373	37.6
-2.378	40.0
-2.384	40.4
-2.389	40.0
-2.394	40.8
-2.400	42.8
-2.405	45.6
-2.410	48.0
-2.416	49.6
-2.421	48.8
-2.426	45.2
-2.432	40.4
-2.437	36.4
-2.442	34.0
-2.448	32.4
-2.453	31.6
-2.458	30.4
-2.464	28.8
-2.469	25.6
-2.474	22.4
-2.480	19.6
-2.485	18.0
-2.490	17.6
-2.496	17.6
-2.501	18.8
-2.506	20.8
-2.512	23.6
-2.517	27.2
-2.522	31.2
-2.528	35.2
-2.533	38.4
-2.538	39.6
-2.544	40.0
-2.549	40.8
-2.554	42.4
-2.560	44.4
-2.565	46.0
-2.570	46.8
-2.576	45.2
-2.581	41.6
-2.586	37.6
-2.592	34.4
-2.597	32.0
-2.602	30.8
-2.608	29.6
-2.613	28.0
-2.619	25.6
-2.624	22.4
-2.629	19.6
-2.635	18.0
-2.640	17.6
-2.645	18.0
-2.651	19.6
-2.656	22.0
-2.661	25.2
-2.667	29.2
-2.672	32.4
-2.677	35.6
-2.683	37.2
-2.688	37.2
-2.693	36.8
-2.699	38.0
-2.704	40.4
-2.709	42.8
-2.715	44.0
-2.720	42.4
-2.725	39.2
-2.731	35.6
-2.736	31.2
-2.741	30.0
-2.747	29.2
-2.752	28.0
-2.757	26.4
-2.763	24.0
-2.768	21.2
-2.773	19.2
-2.779	18.0
-2.784	18.4
-2.789	19.6
-2.795	21.6
-2.800	24.4
-2.805	27.6
-2.811	30.8
-2.816	34.4
-2.821	37.2
-2.827	38.8
-2.832	40.0
-2.837	40.8
-2.843	41.2
-2.848	42.0
-2.853	42.0
-2.859	40.4
-2.864	37.2
-2.869	33.6
-2.875	30.4
-2.880	28.0
-2.885	26.4
-2.891	24.8
-2.896	23.2
-2.901	21.2
-2.907	19.6
-2.912	18.8
-2.917	18.4
-2.923	19.2
-2.928	21.2
-2.933	23.6
-2.939	26.4
-2.944	29.6
-2.949	33.2
-2.955	36.4
-2.960	38.8
-2.965	39.6
-2.971	40.0
-2.976	40.4
-2.981	40.4
-2.987	40.0
-2.992	38.0
-2.997	34.4
-3.003	31.2
-3.008	28.4
-3.013	26.4
-3.019	24.8
-3.024	22.8
-3.029	21.2
-3.035	19.6
-3.040	18.8
-3.045	18.8
-3.051	19.6
-3.056	21.2
-3.061	23.2
-3.067	26.0
-3.072	29.6
-3.077	32.8
-3.083	36.0
-3.088	37.2
-3.093	37.6
-3.099	37.6
-3.104	38.0
-3.109	38.0
-3.115	37.2
-3.120	34.4
-3.125	30.4
-3.131	26.8
-3.136	24.4
-3.141	22.8
-3.147	21.2
-3.152	20.0
-3.157	18.4
-3.163	18.0
-3.168	18.8
-3.173	20.0
-3.179	21.6
-3.184	23.6
-3.189	26.4
-3.195	30.0
-3.200	33.6
-3.205	36.0
-3.211	36.8
-3.216	36.4
-3.221	36.0
-3.227	36.0
-3.232	36.0
-3.237	34.4
-3.243	31.6
-3.248	28.0
-3.253	25.2
-3.259	22.8
-3.264	20.8
-3.269	19.2
-3.275	18.0
-3.280	16.8
-3.285	16.4
-3.291	16.4
-3.296	17.2
-3.301	18.8
-3.306	21.6
-3.312	25.6
-3.317	30.4
-3.322	33.2
-3.328	34.4
-3.333	34.8
-3.338	34.8
-3.344	34.8
-3.349	34.4
-3.354	32.0
-3.360	28.8
-3.365	25.6
-3.370	22.8
-3.376	20.8
-3.381	19.2
-3.386	18.0
-3.392	17.2
-3.397	17.2
-3.402	18.4
-3.408	19.6
-3.413	20.8
-3.418	23.2
-3.424	26.4
-3.429	30.4
-3.434	32.8
-3.440	33.6
-3.445	33.2
-3.450	32.8
-3.456	32.8
-3.461	32.0
-3.466	30.0
-3.472	26.8
-3.477	23.6
-3.482	21.2
-3.488	19.6
-3.493	18.4
-3.498	17.2
-3.504	16.4
-3.509	16.8
-3.514	18.0
-3.520	19.2
-3.525	20.8
-3.530	23.2
-3.536	26.8
-3.541	30.4
-3.546	32.0
-3.552	32.0
-3.557	31.6
-3.562	31.2
-3.568	30.4
-3.573	28.8
-3.578	26.0
-3.584	23.2
-3.589	20.8
-3.594	18.8
-3.600	17.6
-3.605	16.4
-3.610	15.6
-3.616	16.0
-3.621	16.8
-3.626	18.4
-3.632	20.0
-3.637	22.0
-3.642	25.2
-3.647	28.0
-3.653	29.6
-3.658	30.0
-3.663	29.6
-3.669	29.2
-3.674	28.4
-3.679	26.4
-3.685	23.6
-3.690	21.2
-3.695	18.8
-3.701	17.2
-3.706	16.0
-3.711	14.8
-3.717	14.4
-3.722	15.2
-3.727	16.4
-3.733	18.4
-3.738	20.0
-3.743	22.0
-3.749	24.4
-3.754	26.8
-3.759	27.6
-3.765	27.6
-3.770	26.8
-3.775	25.6
-3.781	23.6
-3.786	21.6
-3.791	19.2
-3.797	17.2
-3.802	15.6
-3.807	14.0
-3.813	12.8
-3.818	12.4
-3.823	13.2
-3.829	14.8
-3.834	16.8
-3.839	18.4
-3.844	19.6
-3.850	21.2
-3.855	23.2
-3.860	24.4
-3.866	24.4
-3.871	23.6
-3.876	22.4
-3.882	20.8
-3.887	18.8
-3.892	17.2
-3.898	15.2
-3.903	13.6
-3.908	12.0
-3.914	11.2
-3.919	10.8
-3.924	11.2
-3.930	12.4
-3.935	14.4
-3.940	15.6
-3.946	17.2
-3.951	19.2
-3.956	21.2
-3.962	22.0
-3.967	21.2
-3.972	19.6
-3.978	18.0
-3.983	16.8
-3.988	15.2
-3.994	13.6
-3.999	12.0
-4.004	10.8
-4.009	10.0
-4.015	9.6
-4.020	10.0
-4.025	11.6
-4.031	13.6
-4.036	14.4
-4.041	15.2
-4.047	16.8
-4.052	18.4
-4.057	18.8
-4.063	18.0
-4.068	16.8
-4.073	15.6
-4.079	14.4
-4.084	13.2
-4.089	11.6
-4.095	10.4
-4.100	9.2
-4.105	8.4
-4.111	8.0
-4.116	8.8
-4.121	10.4
-4.127	11.6
-4.132	12.4
-4.137	13.6
-4.143	15.2
-4.148	16.0
-4.153	16.0
-4.158	14.8
-4.164	13.6
-4.169	12.8
-4.174	11.6
-4.180	10.8
-4.185	9.6
-4.190	8.4
-4.196	7.6
-4.201	7.6
-4.206	8.0
-4.212	9.2
-4.217	10.4
-4.222	10.4
-4.228	10.8
-4.233	12.0
-4.238	13.2
-4.244	13.6
-4.249	12.4
-4.254	11.2
-4.260	10.8
-4.265	10.4
-4.270	9.6
-4.275	8.4
-4.281	7.2
-4.286	6.4
-4.291	6.4
-4.297	6.8
-4.302	7.6
-4.307	8.4
-4.313	9.2
-4.318	9.6
-4.323	10.4
-4.329	11.2
-4.334	10.8
-4.339	10.0
-4.345	9.2
-4.350	8.8
-4.355	8.4
-4.361	7.6
-4.366	6.8
-4.371	6.0
-4.377	5.6
-4.382	5.6
-4.387	6.0
-4.392	6.8
-4.398	7.6
-4.403	8.0
-4.408	8.4
-4.414	9.2
-4.419	9.2
-4.424	8.4
-4.430	7.6
-4.435	7.2
-4.440	7.2
-4.446	6.8
-4.451	6.0
-4.456	5.2
-4.462	4.8
-4.467	4.8
-4.472	5.2
-4.478	5.6
-4.483	6.0
-4.488	6.4
-4.493	6.8
-4.499	7.2
-4.504	6.8
-4.509	6.8
-4.515	6.4
-4.520	6.0
-4.525	6.0
-4.531	5.6
-4.536	4.8
-4.541	4.4
-4.547	4.0
-4.552	4.0
-4.557	4.0
-4.563	4.4
-4.568	4.8
-4.573	5.2
-4.578	5.2
-4.584	5.6
-4.589	5.6
-4.594	5.6
-4.600	5.2
-4.605	4.8
-4.610	4.4
-4.616	4.4
-4.621	4.0
-4.626	3.6
-4.632	3.6
-4.637	3.6
-4.642	3.6
-4.648	4.0
-4.653	4.0
-4.658	4.0
-4.663	4.0
-4.669	4.0
-4.674	4.0
-4.679	4.0
-4.685	4.0
-4.690	4.0
-4.695	4.0
-4.701	3.6
-4.706	3.2
-4.711	2.8
-4.717	2.8
-4.722	2.8
-4.727	2.8
-4.733	3.2
-4.738	3.2
-4.743	3.2
-4.748	3.2
-4.754	3.2
-4.759	3.2
-4.764	3.2
-4.770	3.2
-4.775	2.8
-4.780	2.8
-4.786	2.8
-4.791	2.4
-4.796	2.0
-4.802	2.0
-4.807	2.4
-4.812	2.4
-4.818	2.4
-4.823	2.4
-4.828	2.4
-4.833	2.4
-4.839	2.4
-4.844	2.4
-4.849	2.4
-4.855	2.4
-4.860	2.4
-4.865	2.0
-4.871	2.0
-4.876	2.0
-4.881	2.0
-4.887	2.0
-4.892	2.0
-4.897	2.0
-4.902	2.0
-4.908	2.0
-4.913	2.0
-4.918	2.0
-4.924	2.0
-4.929	2.0
-4.934	2.0
-4.940	2.0
-4.945	2.0
-4.950	2.0
-4.956	2.0
-4.961	1.6
-4.966	1.6
-4.971	1.6
-4.977	1.6
-4.982	1.6
-4.987	1.6
-4.993	1.6
-4.998	1.6
-5.003	1.6
-5.009	1.6
-5.014	1.6
-5.019	1.6
-5.025	1.2
-5.030	1.2
-5.035	1.2
-5.040	1.2
-5.046	1.2
-5.051	1.2
-5.056	1.2
-5.062	1.2
-5.067	1.2
-5.072	1.2
-5.078	1.2
-5.083	1.2
-5.088	1.2
-5.094	1.2
-5.099	1.2
-5.104	1.2
-5.109	1.2
-5.115	1.2
-5.120	1.2
-5.125	1.2
-5.131	1.2
-5.136	1.2
-5.141	1.2
-5.147	1.2
-5.152	1.2
-5.157	1.2
-5.162	1.2
-5.168	1.2
-5.173	1.2
-5.178	1.2
-5.184	1.2
-5.189	1.2
-5.194	1.2
-5.200	1.2
-5.205	1.2
-5.210	1.2
-5.216	1.2
-5.221	1.2
-5.226	1.2
-5.231	1.2
-5.237	1.2
-5.242	1.2
-5.247	1.2
-5.253	1.2
-5.258	1.2
-5.263	1.2
-5.269	1.2
-5.274	1.2
-5.279	1.2
-5.284	1.2
-5.290	1.2
-5.295	1.2
-5.300	1.2
-5.306	1.2
-5.311	1.2
-5.316	1.2
-5.322	1.2
-5.327	1.2
-5.332	1.2
-5.337	1.2
-5.343	1.2
-5.348	1.2
-5.353	1.2
-5.359	1.2
-5.364	1.2
-5.369	1.2
-5.375	1.2
-5.380	1.2
-5.385	1.2
-5.390	1.2
-5.396	1.2
-5.401	0.8
-5.406	0.8
-5.412	0.8
-5.417	0.8
-5.422	0.8
-5.428	0.8
-5.433	0.8
-5.438	0.8
-5.443	0.8
-5.449	0.8
-5.454	0.8
