#&a / °	I1 / %
5.459	0.8
5.454	0.8
5.449	0.8
5.443	0.8
5.438	0.8
5.433	0.8
5.428	0.8
5.422	0.8
5.417	0.8
5.412	0.8
5.406	0.8
5.401	0.8
5.396	0.8
5.390	0.8
5.385	0.8
5.380	0.8
5.375	0.8
5.369	0.8
5.364	0.8
5.359	0.8
5.353	0.8
5.348	0.8
5.343	0.8
5.337	0.8
5.332	0.8
5.327	0.8
5.322	0.8
5.316	0.8
5.311	0.8
5.306	0.8
5.300	0.8
5.295	0.8
5.290	0.8
5.284	0.8
5.279	0.8
5.274	0.8
5.269	0.8
5.263	0.8
5.258	0.8
5.253	0.8
5.247	0.8
5.242	0.8
5.237	0.8
5.231	0.8
5.226	0.8
5.221	0.8
5.216	0.4
5.210	0.4
5.205	0.4
5.200	0.4
5.194	0.4
5.189	0.4
5.184	0.4
5.178	0.4
5.173	0.4
5.168	0.4
5.162	0.4
5.157	0.4
5.152	0.4
5.147	0.4
5.141	0.4
5.136	0.4
5.131	0.4
5.125	0.4
5.120	0.4
5.115	0.4
5.109	0.4
5.104	0.4
5.099	0.4
5.094	0.4
5.088	0.4
5.083	0.4
5.078	0.4
5.072	0.4
5.067	0.4
5.062	0.4
5.056	0.4
5.051	0.4
5.046	0.4
5.040	0.4
5.035	0.4
5.030	0.4
5.025	0.4
5.019	0.4
5.014	0.4
5.009	0.4
5.003	0.4
4.998	0.4
4.993	0.4
4.987	0.4
4.982	0.4
4.977	0.8
4.971	0.8
4.966	0.8
4.961	0.8
4.956	0.8
4.950	0.8
4.945	0.8
4.940	0.8
4.934	0.8
4.929	0.8
4.924	0.8
4.918	0.8
4.913	0.8
4.908	0.8
4.902	0.8
4.897	0.8
4.892	0.8
4.887	0.8
4.881	0.8
4.876	0.8
4.871	1.2
4.865	1.2
4.860	1.2
4.855	1.2
4.849	1.2
4.844	1.2
4.839	1.2
4.833	1.2
4.828	1.2
4.823	1.2
4.818	1.2
4.812	1.2
4.807	1.2
4.802	1.2
4.796	1.6
4.791	1.6
4.786	1.6
4.780	1.6
4.775	1.6
4.770	1.6
4.764	1.6
4.759	1.2
4.754	1.2
4.748	1.2
4.743	1.2
4.738	1.2
4.733	1.6
4.727	1.6
4.722	2.0
4.717	2.4
4.711	2.4
4.706	2.4
4.701	2.4
4.695	2.4
4.690	2.0
4.685	2.0
4.679	2.0
4.674	1.6
4.669	1.6
4.663	1.6
4.658	1.6
4.653	1.6
4.648	2.0
4.642	2.8
4.637	3.6
4.632	4.0
4.626	4.0
4.621	4.0
4.616	4.0
4.610	3.6
4.605	3.2
4.600	2.4
4.594	2.0
4.589	2.0
4.584	2.0
4.578	2.0
4.573	2.4
4.568	2.8
4.563	3.2
4.557	4.0
4.552	4.8
4.547	5.6
4.541	5.6
4.536	5.2
4.531	4.8
4.525	4.0
4.520	3.2
4.515	2.8
4.509	2.4
4.504	2.0
4.499	2.0
4.493	2.0
4.488	2.4
4.483	3.2
4.478	4.0
4.472	5.2
4.467	6.4
4.462	7.2
4.456	7.6
4.451	7.2
4.446	6.0
4.440	4.8
4.435	4.0
4.430	3.2
4.424	2.8
4.419	2.8
4.414	2.8
4.408	2.8
4.403	3.2
4.398	3.6
4.392	4.8
4.387	6.0
4.382	7.6
4.377	8.8
4.371	9.2
4.366	8.8
4.361	7.6
4.355	6.0
4.350	4.8
4.345	4.0
4.339	3.2
4.334	2.8
4.329	2.8
4.323	2.8
4.318	3.2
4.313	4.0
4.307	5.2
4.302	6.8
4.297	8.4
4.291	10.0
4.286	10.8
4.281	10.8
4.275	10.0
4.270	8.4
4.265	6.8
4.260	5.2
4.254	4.4
4.249	3.6
4.244	3.2
4.238	3.2
4.233	3.6
4.228	4.0
4.222	5.2
4.217	6.8
4.212	8.4
4.206	10.4
4.201	12.0
4.196	12.8
4.190	12.4
4.185	11.2
4.180	9.2
4.174	7.2
4.169	5.6
4.164	4.8
4.158	4.0
4.153	3.6
4.148	3.6
4.143	4.0
4.137	4.8
4.132	6.0
4.127	7.6
4.121	9.6
4.116	11.6
4.111	13.6
4.105	14.0
4.100	14.0
4.095	12.8
4.089	10.8
4.084	8.8
4.079	7.2
4.073	5.6
4.068	4.8
4.063	4.4
4.057	4.0
4.052	4.0
4.047	4.8
4.041	6.0
4.036	7.6
4.031	9.6
4.025	12.0
4.020	14.4
4.015	15.6
4.009	16.0
4.004	15.6
3.999	14.0
3.994	12.0
3.988	9.6
3.983	7.6
3.978	6.0
3.972	5.2
3.967	4.4
3.962	4.4
3.956	4.8
3.951	5.6
3.946	6.8
3.940	8.8
3.935	10.8
3.930	13.2
3.924	15.2
3.919	16.8
3.914	17.2
3.908	16.8
3.903	15.2
3.898	13.2
3.892	10.8
3.887	8.4
3.882	6.8
3.876	5.6
3.871	4.8
3.866	4.4
3.860	4.8
3.855	5.6
3.850	6.8
3.844	8.8
3.839	11.2
3.834	13.6
3.829	15.6
3.823	17.2
3.818	18.0
3.813	18.0
3.807	17.2
3.802	15.6
3.797	13.2
3.791	10.8
3.786	8.8
3.781	6.8
3.775	5.6
3.770	4.8
3.765	4.4
3.759	4.8
3.754	6.0
3.749	7.6
3.743	10.0
3.738	12.4
3.733	15.2
3.727	17.6
3.722	19.2
3.717	20.0
3.711	19.6
3.706	18.4
3.701	16.4
3.695	14.0
3.690	11.6
3.685	9.2
3.679	7.2
3.674	6.0
3.669	5.2
3.663	4.8
3.658	5.2
3.653	6.0
3.647	7.6
3.642	9.6
3.637	12.0
3.632	15.2
3.626	18.0
3.621	20.0
3.616	21.2
3.610	20.8
3.605	19.6
3.600	18.0
3.594	15.6
3.589	13.2
3.584	10.8
3.578	8.8
3.573	7.2
3.568	5.6
3.562	4.8
3.557	4.4
3.552	5.2
3.546	6.0
3.541	8.0
3.536	10.4
3.530	13.2
3.525	16.0
3.520	18.8
3.514	21.2
3.509	22.8
3.504	22.8
3.498	21.2
3.493	19.2
3.488	16.8
3.482	14.0
3.477	11.6
3.472	9.2
3.466	7.6
3.461	6.4
3.456	5.6
3.450	4.8
3.445	4.8
3.440	5.2
3.434	6.8
3.429	9.2
3.424	12.0
3.418	14.8
3.413	18.4
3.408	21.6
3.402	23.6
3.397	24.0
3.392	23.2
3.386	21.2
3.381	18.8
3.376	16.0
3.370	13.2
3.365	10.8
3.360	8.8
3.354	7.2
3.349	6.0
3.344	5.2
3.338	4.8
3.333	4.8
3.328	5.6
3.322	6.8
3.317	8.8
3.312	11.6
3.306	14.8
3.301	18.4
3.296	22.0
3.291	24.4
3.285	26.0
3.280	25.6
3.275	23.2
3.269	20.4
3.264	17.2
3.259	14.0
3.253	11.6
3.248	9.6
3.243	8.0
3.237	6.4
3.232	5.6
3.227	5.2
3.221	4.8
3.216	4.8
3.211	5.2
3.205	6.4
3.200	8.4
3.195	11.2
3.189	14.8
3.184	18.4
3.179	22.4
3.173	25.2
3.168	27.2
3.163	27.6
3.157	26.4
3.152	23.6
3.147	20.0
3.141	16.8
3.136	13.6
3.131	11.2
3.125	9.2
3.120	7.6
3.115	6.4
3.109	5.6
3.104	5.2
3.099	5.2
3.093	5.2
3.088	5.6
3.083	6.4
3.077	8.4
3.072	11.6
3.067	15.2
3.061	18.8
3.056	23.2
3.051	26.4
3.045	28.8
3.040	29.6
3.035	28.8
3.029	26.0
3.024	22.4
3.019	18.8
3.013	15.6
3.008	12.8
3.003	10.4
2.997	8.4
2.992	7.2
2.987	6.0
2.981	5.6
2.976	5.2
2.971	4.8
2.965	5.2
2.960	5.6
2.955	6.4
2.949	8.4
2.944	11.6
2.939	15.2
2.933	18.8
2.928	23.2
2.923	27.2
2.917	29.6
2.912	30.8
2.907	30.8
2.901	28.4
2.896	24.8
2.891	20.8
2.885	17.2
2.880	14.0
2.875	11.6
2.869	9.6
2.864	8.0
2.859	6.8
2.853	6.0
2.848	5.2
2.843	4.8
2.837	4.8
2.832	4.8
2.827	5.2
2.821	6.0
2.816	7.6
2.811	10.4
2.805	14.4
2.800	18.4
2.795	22.4
2.789	26.8
2.784	30.0
2.779	31.6
2.773	32.0
2.768	30.4
2.763	26.8
2.757	22.8
2.752	19.2
2.747	16.0
2.741	13.2
2.736	9.6
2.731	8.4
2.725	7.2
2.720	6.4
2.715	5.6
2.709	5.2
2.704	4.8
2.699	4.8
2.693	5.2
2.688	5.6
2.683	6.0
2.677	6.8
2.672	8.8
2.667	12.0
2.661	16.0
2.656	20.0
2.651	24.4
2.645	28.8
2.640	32.0
2.635	33.2
2.629	33.6
2.624	32.4
2.619	29.6
2.613	26.0
2.608	22.0
2.602	18.0
2.597	14.8
2.592	12.0
2.586	10.0
2.581	8.4
2.576	7.2
2.570	6.4
2.565	5.6
2.560	5.2
2.554	4.8
2.549	4.8
2.544	4.8
2.538	5.2
2.533	5.6
2.528	6.8
2.522	8.4
2.517	11.2
2.512	15.2
2.506	19.2
2.501	22.8
2.496	27.2
2.490	31.2
2.485	33.2
2.480	34.0
2.474	34.0
2.469	32.8
2.464	30.0
2.458	26.0
2.453	22.0
2.448	18.0
2.442	14.8
2.437	12.0
2.432	10.0
2.426	8.4
2.421	7.2
2.416	6.4
2.410	6.0
2.405	5.6
2.400	5.2
2.394	5.2
2.389	5.2
2.384	5.2
2.378	5.6
2.373	6.0
2.368	6.8
2.362	8.0
2.357	10.4
2.352	14.0
2.346	18.4
2.341	22.0
2.336	26.0
2.330	30.4
2.325	33.6
2.320	34.8
2.314	34.8
2.309	34.4
2.304	33.2
2.298	30.4
2.293	26.8
2.288	22.8
2.282	18.8
2.277	15.6
2.272	12.8
2.266	10.8
2.261	9.2
2.256	8.0
2.250	7.2
2.245	6.4
2.240	6.0
2.234	5.6
2.229	5.6
2.223	5.6
2.218	5.6
2.213	5.6
2.207	6.0
2.202	6.4
2.197	7.2
2.191	8.0
2.186	9.6
2.181	12.0
2.175	15.6
2.170	19.2
2.165	22.8
2.159	26.8
2.154	30.8
2.149	34.0
2.143	35.6
2.138	36.0
2.133	36.0
2.127	34.8
2.122	32.8
2.117	29.6
2.111	25.6
2.106	21.6
2.101	18.0
2.095	15.2
2.090	12.8
2.085	10.8
2.079	9.2
2.074	8.4
2.069	7.6
2.063	6.8
2.058	6.4
2.053	6.0
2.047	5.6
2.042	5.6
2.037	5.6
2.031	5.6
2.026	6.0
2.021	6.4
2.015	6.4
2.010	6.8
2.005	7.6
1.999	8.8
1.994	10.8
1.989	13.6
1.983	17.6
1.978	21.2
1.972	24.4
1.967	27.6
1.962	31.6
1.956	34.8
1.951	36.4
1.946	36.0
1.940	34.8
1.935	33.6
1.930	32.8
1.924	31.2
1.919	28.4
1.914	25.2
1.908	21.6
1.903	18.4
1.898	15.6
1.892	13.2
1.887	11.6
1.882	10.0
1.876	8.8
1.871	8.0
1.866	7.2
1.860	6.8
1.855	6.4
1.850	6.0
1.844	6.0
1.839	6.0
1.834	6.0
1.828	6.0
1.823	6.0
1.818	6.0
1.812	6.4
1.807	6.8
1.802	7.2
1.796	7.6
1.791	8.8
1.786	10.4
1.780	12.8
1.775	16.0
1.769	19.6
1.764	22.8
1.759	25.6
1.753	28.4
1.748	31.6
1.743	34.8
1.737	37.2
1.732	38.0
1.727	38.0
1.721	38.0
1.716	37.6
1.711	36.4
1.705	34.4
1.700	31.2
1.695	27.6
1.689	24.0
1.684	20.4
1.679	17.6
1.673	15.2
1.668	13.2
1.663	11.6
1.657	10.4
1.652	9.2
1.647	8.4
1.641	8.0
1.636	7.2
1.631	6.8
1.625	6.4
1.620	6.4
1.615	6.0
1.609	6.0
1.604	6.0
1.599	6.0
1.593	6.0
1.588	6.0
1.582	6.0
1.577	6.4
1.572	6.8
1.566	7.2
1.561	7.6
1.556	8.4
1.550	9.2
1.545	10.4
1.540	12.4
1.534	14.8
1.529	18.0
1.524	21.2
1.518	24.0
1.513	26.8
1.508	29.6
1.502	32.8
1.497	35.6
1.492	38.0
1.486	39.2
1.481	39.6
1.476	39.2
1.470	38.4
1.465	37.6
1.460	36.8
1.454	35.2
1.449	33.2
1.444	30.8
1.438	28.0
1.433	25.2
1.428	22.4
1.422	19.6
1.417	17.2
1.411	15.2
1.406	13.2
1.401	12.0
1.395	10.8
1.390	10.0
1.385	9.2
1.379	8.4
1.374	8.0
1.369	7.6
1.363	7.2
1.358	6.8
1.353	6.4
1.347	6.4
1.342	6.0
1.337	6.0
1.331	6.0
1.326	6.0
1.321	6.0
1.315	6.0
1.310	6.0
1.305	6.0
1.299	6.4
1.294	6.4
1.289	6.8
1.283	7.2
1.278	7.6
1.273	8.4
1.267	8.8
1.262	9.6
1.256	10.8
1.251	12.8
1.246	14.8
1.240	17.2
1.235	19.6
1.230	22.0
1.224	24.4
1.219	26.4
1.214	28.4
1.208	30.8
1.203	33.6
1.198	36.4
1.192	38.8
1.187	40.4
1.182	41.2
1.176	41.2
1.171	41.2
1.166	41.2
1.160	40.8
1.155	40.4
1.150	39.6
1.144	38.4
1.139	36.8
1.134	34.4
1.128	32.0
1.123	29.6
1.118	27.2
1.112	24.8
1.107	22.0
1.101	19.6
1.096	17.6
1.091	16.0
1.085	14.4
1.080	13.2
1.075	12.0
1.069	11.2
1.064	10.4
1.059	10.0
1.053	9.2
1.048	8.4
1.043	8.0
1.037	7.6
1.032	7.2
1.027	7.2
1.021	6.8
1.016	6.8
1.011	6.8
1.005	6.4
1.000	6.4
0.995	6.4
0.989	6.4
0.984	6.4
0.979	6.4
0.973	6.0
0.968	6.0
0.962	6.0
0.957	6.0
0.952	6.0
0.946	6.0
0.941	6.0
0.936	6.4
0.930	6.4
0.925	6.8
0.920	6.8
0.914	7.2
0.909	7.6
0.904	7.6
0.898	7.6
0.893	7.6
0.888	7.6
0.882	8.0
0.877	8.4
0.872	9.2
0.866	10.4
0.861	12.4
0.856	14.4
0.850	16.8
0.845	19.2
0.840	21.2
0.834	22.8
0.829	24.4
0.823	26.0
0.818	27.6
0.813	29.2
0.807	30.4
0.802	31.6
0.797	33.2
0.791	34.8
0.786	36.4
0.781	38.0
0.775	39.6
0.770	40.8
0.765	42.0
0.759	42.4
0.754	42.4
0.749	42.4
0.743	42.4
0.738	42.4
0.733	42.4
0.727	42.0
0.722	42.0
0.717	41.6
0.711	41.2
0.706	40.4
0.701	39.6
0.695	38.8
0.690	37.6
0.684	36.0
0.679	34.4
0.674	32.8
0.668	31.2
0.663	30.0
0.658	28.4
0.652	26.8
0.647	25.6
0.642	24.0
0.636	22.4
0.631	21.2
0.626	20.0
0.620	18.4
0.615	17.2
0.610	16.4
0.604	15.2
0.599	14.4
0.594	14.0
0.588	13.2
0.583	12.4
0.578	12.0
0.572	11.2
0.567	10.8
0.561	10.4
0.556	10.0
0.551	10.0
0.545	9.6
0.540	9.2
0.535	8.8
0.529	8.4
0.524	8.4
0.519	8.0
0.513	7.6
0.508	7.6
0.503	7.6
0.497	7.6
0.492	7.2
0.487	7.2
0.481	7.2
0.476	7.2
0.471	6.8
0.465	6.8
0.460	6.8
0.455	6.8
0.449	6.4
0.444	6.4
0.438	6.4
0.433	6.4
0.428	6.4
0.422	6.0
0.417	6.0
0.412	6.0
0.406	6.0
0.401	6.0
0.396	6.0
0.390	6.0
0.385	6.0
0.380	6.0
0.374	6.0
0.369	6.0
0.364	5.6
0.358	5.6
0.353	5.6
0.348	5.6
0.342	5.6
0.337	5.6
0.332	5.6
0.326	5.6
0.321	5.6
0.316	5.6
0.310	5.6
0.305	5.6
0.299	5.6
0.294	5.6
0.289	5.6
0.283	5.6
0.278	5.6
0.273	5.6
0.267	5.6
0.262	5.6
0.257	5.6
0.251	5.6
0.246	5.6
0.241	5.6
0.235	5.6
0.230	5.6
0.225	5.6
0.219	5.6
0.214	5.6
0.209	5.6
0.203	5.6
0.198	5.6
0.193	5.6
0.187	5.6
0.182	5.6
0.176	5.6
0.171	5.6
0.166	5.6
0.160	5.6
0.155	6.0
0.150	6.0
0.144	6.0
0.139	6.0
0.134	6.0
0.128	6.0
0.123	6.0
0.118	6.0
0.112	6.0
0.107	6.0
0.102	6.0
0.096	6.0
0.091	6.0
0.086	6.0
0.080	6.0
0.075	6.0
0.070	6.0
0.064	6.0
0.059	6.0
0.053	6.0
0.048	6.0
0.043	6.0
0.037	6.0
0.032	6.0
0.027	6.0
0.021	6.0
0.016	6.0
0.011	6.0
0.005	6.0
0.000	6.0
-0.005	6.0
-0.011	6.0
-0.016	6.0
-0.021	6.0
-0.027	6.0
-0.032	6.0
-0.037	6.0
-0.043	6.0
-0.048	6.0
-0.053	6.0
-0.059	6.0
-0.064	6.0
-0.070	6.0
-0.075	6.0
-0.080	6.0
-0.086	6.0
-0.091	6.0
-0.096	6.0
-0.102	5.6
-0.107	5.6
-0.112	5.6
-0.118	5.6
-0.123	5.6
-0.128	5.2
-0.134	5.2
-0.139	5.2
-0.144	5.2
-0.150	5.2
-0.155	5.2
-0.160	5.2
-0.166	5.2
-0.171	5.2
-0.176	5.2
-0.182	5.2
-0.187	5.2
-0.193	5.2
-0.198	5.2
-0.203	5.2
-0.209	5.2
-0.214	5.2
-0.219	5.2
-0.225	5.2
-0.230	5.2
-0.235	5.2
-0.241	5.2
-0.246	5.2
-0.251	5.2
-0.257	5.2
-0.262	5.2
-0.267	5.2
-0.273	5.2
-0.278	5.2
-0.283	5.2
-0.289	5.2
-0.294	5.2
-0.299	5.2
-0.305	5.2
-0.310	5.2
-0.316	5.2
-0.321	5.6
-0.326	5.6
-0.332	5.6
-0.337	5.6
-0.342	5.6
-0.348	5.6
-0.353	5.6
-0.358	6.0
-0.364	6.0
-0.369	6.0
-0.374	6.0
-0.380	6.0
-0.385	6.0
-0.390	6.0
-0.396	6.0
-0.401	6.4
-0.406	6.4
-0.412	6.4
-0.417	6.4
-0.422	6.8
-0.428	6.8
-0.433	7.2
-0.438	7.2
-0.444	7.6
-0.449	7.6
-0.455	8.0
-0.460	8.0
-0.465	8.4
-0.471	8.8
-0.476	9.2
-0.481	9.2
-0.487	9.6
-0.492	10.0
-0.497	10.4
-0.503	10.4
-0.508	10.8
-0.513	11.2
-0.519	12.0
-0.524	12.8
-0.529	14.0
-0.535	14.8
-0.540	16.0
-0.545	16.8
-0.551	17.6
-0.556	18.8
-0.561	20.0
-0.567	21.2
-0.572	22.4
-0.578	23.6
-0.583	25.2
-0.588	26.8
-0.594	28.4
-0.599	30.0
-0.604	31.6
-0.610	33.2
-0.615	34.4
-0.620	35.2
-0.626	36.0
-0.631	36.4
-0.636	36.8
-0.642	37.6
-0.647	38.4
-0.652	38.8
-0.658	39.2
-0.663	39.2
-0.668	39.6
-0.674	40.0
-0.679	40.4
-0.684	40.4
-0.690	40.4
-0.695	39.6
-0.701	38.4
-0.706	37.2
-0.711	36.0
-0.717	34.0
-0.722	32.4
-0.727	30.8
-0.733	29.6
-0.738	28.0
-0.743	26.8
-0.749	25.6
-0.754	24.4
-0.759	22.8
-0.765	21.2
-0.770	19.2
-0.775	17.6
-0.781	15.6
-0.786	14.0
-0.791	12.4
-0.797	11.2
-0.802	10.4
-0.807	9.6
-0.813	8.8
-0.818	8.0
-0.823	7.6
-0.829	7.2
-0.834	6.8
-0.840	6.4
-0.845	6.4
-0.850	6.4
-0.856	6.0
-0.861	5.6
-0.866	5.6
-0.872	5.6
-0.877	5.6
-0.882	5.6
-0.888	5.6
-0.893	5.6
-0.898	5.6
-0.904	5.6
-0.909	5.6
-0.914	5.6
-0.920	5.6
-0.925	5.6
-0.930	5.6
-0.936	5.6
-0.941	6.0
-0.946	6.0
-0.952	6.0
-0.957	6.4
-0.962	6.8
-0.968	7.2
-0.973	7.6
-0.979	8.0
-0.984	8.4
-0.989	8.8
-0.995	9.6
-1.000	10.0
-1.005	11.2
-1.011	12.4
-1.016	14.0
-1.021	15.6
-1.027	17.2
-1.032	19.2
-1.037	21.2
-1.043	23.6
-1.048	26.0
-1.053	28.8
-1.059	31.2
-1.064	33.6
-1.069	35.6
-1.075	36.8
-1.080	37.6
-1.085	38.0
-1.091	38.4
-1.096	38.4
-1.101	38.8
-1.107	38.8
-1.112	38.4
-1.118	37.2
-1.123	35.2
-1.128	32.8
-1.134	30.8
-1.139	28.8
-1.144	26.8
-1.150	24.8
-1.155	22.8
-1.160	20.4
-1.166	17.6
-1.171	15.2
-1.176	12.8
-1.182	11.2
-1.187	10.0
-1.192	9.2
-1.198	8.0
-1.203	7.2
-1.208	6.8
-1.214	6.4
-1.219	6.0
-1.224	6.0
-1.230	5.6
-1.235	5.6
-1.240	5.2
-1.246	5.2
-1.251	5.2
-1.256	5.2
-1.262	5.6
-1.267	5.6
-1.273	5.6
-1.278	5.6
-1.283	6.0
-1.289	6.4
-1.294	6.4
-1.299	6.8
-1.305	7.2
-1.310	7.6
-1.315	8.4
-1.321	9.2
-1.326	10.4
-1.331	11.6
-1.337	12.8
-1.342	14.4
-1.347	16.4
-1.353	19.2
-1.358	21.6
-1.363	24.8
-1.369	28.0
-1.374	30.8
-1.379	33.2
-1.385	34.8
-1.390	36.0
-1.395	36.8
-1.401	37.2
-1.406	37.6
-1.411	37.6
-1.417	36.8
-1.422	34.8
-1.428	32.4
-1.433	29.6
-1.438	27.2
-1.444	24.8
-1.449	22.4
-1.454	19.6
-1.460	16.4
-1.465	13.6
-1.470	11.6
-1.476	10.0
-1.481	8.8
-1.486	8.0
-1.492	7.2
-1.497	6.8
-1.502	6.4
-1.508	6.0
-1.513	6.0
-1.518	5.6
-1.524	5.6
-1.529	5.6
-1.534	5.6
-1.540	5.6
-1.545	5.6
-1.550	6.0
-1.556	6.4
-1.561	6.8
-1.566	7.2
-1.572	7.6
-1.577	8.4
-1.582	9.2
-1.588	10.0
-1.593	11.2
-1.599	13.2
-1.604	15.2
-1.609	17.6
-1.615	20.4
-1.620	23.6
-1.625	26.8
-1.631	30.0
-1.636	32.8
-1.641	34.4
-1.647	35.6
-1.652	36.4
-1.657	36.8
-1.663	36.4
-1.668	34.8
-1.673	32.0
-1.679	29.2
-1.684	26.8
-1.689	24.4
-1.695	21.6
-1.700	18.4
-1.705	15.6
-1.711	12.8
-1.716	10.8
-1.721	9.2
-1.727	8.0
-1.732	7.2
-1.737	6.4
-1.743	6.0
-1.748	5.6
-1.753	5.6
-1.759	5.6
-1.764	5.6
-1.769	5.6
-1.775	5.6
-1.780	5.6
-1.786	6.0
-1.791	6.4
-1.796	6.8
-1.802	7.6
-1.807	8.4
-1.812	9.6
-1.818	11.2
-1.823	13.2
-1.828	15.6
-1.834	18.0
-1.839	21.2
-1.844	24.8
-1.850	28.4
-1.855	31.2
-1.860	33.6
-1.866	34.8
-1.871	36.0
-1.876	36.0
-1.882	35.2
-1.887	33.2
-1.892	30.4
-1.898	27.6
-1.903	24.4
-1.908	21.2
-1.914	17.6
-1.919	14.4
-1.924	11.6
-1.930	9.6
-1.935	8.4
-1.940	7.2
-1.946	6.4
-1.951	6.0
-1.956	5.6
-1.962	5.6
-1.967	5.6
-1.972	5.6
-1.978	5.6
-1.983	6.0
-1.989	6.4
-1.994	6.8
-1.999	7.2
-2.005	8.0
-2.010	9.2
-2.015	10.4
-2.021	12.0
-2.026	14.4
-2.031	17.2
-2.037	20.4
-2.042	23.6
-2.047	27.2
-2.053	30.0
-2.058	32.0
-2.063	33.2
-2.069	34.0
-2.074	34.0
-2.079	32.4
-2.085	29.6
-2.090	26.8
-2.095	23.6
-2.101	20.4
-2.106	16.8
-2.111	13.6
-2.117	10.8
-2.122	8.8
-2.127	7.6
-2.133	6.8
-2.138	6.4
-2.143	6.0
-2.149	5.6
-2.154	5.6
-2.159	5.6
-2.165	5.6
-2.170	6.0
-2.175	6.4
-2.181	6.8
-2.186	8.0
-2.191	9.2
-2.197	10.8
-2.202	12.4
-2.207	14.8
-2.213	17.2
-2.218	20.0
-2.223	23.6
-2.229	27.2
-2.234	30.0
-2.240	32.0
-2.245	32.4
-2.250	31.6
-2.256	29.6
-2.261	27.2
-2.266	24.8
-2.272	22.4
-2.277	19.2
-2.282	16.0
-2.288	12.8
-2.293	10.0
-2.298	8.4
-2.304	7.2
-2.309	6.4
-2.314	6.0
-2.320	5.6
-2.325	5.6
-2.330	5.6
-2.336	5.6
-2.341	6.0
-2.346	6.4
-2.352	7.2
-2.357	8.4
-2.362	9.6
-2.368	11.2
-2.373	13.6
-2.378	16.4
-2.384	19.6
-2.389	23.2
-2.394	26.4
-2.400	29.2
-2.405	31.2
-2.410	32.0
-2.416	31.6
-2.421	30.0
-2.426	27.2
-2.432	24.0
-2.437	20.4
-2.442	17.2
-2.448	13.6
-2.453	10.8
-2.458	8.8
-2.464	7.6
-2.469	6.4
-2.474	6.0
-2.480	5.6
-2.485	5.6
-2.490	5.6
-2.496	6.0
-2.501	6.4
-2.506	6.8
-2.512	8.0
-2.517	9.2
-2.522	10.8
-2.528	12.8
-2.533	15.6
-2.538	18.8
-2.544	22.4
-2.549	25.6
-2.554	28.4
-2.560	30.0
-2.565	30.4
-2.570	30.0
-2.576	27.6
-2.581	24.8
-2.586	21.6
-2.592	18.4
-2.597	14.8
-2.602	12.0
-2.608	9.6
-2.613	8.0
-2.619	6.8
-2.624	6.0
-2.629	5.6
-2.635	5.6
-2.640	5.6
-2.645	6.0
-2.651	6.4
-2.656	7.2
-2.661	8.4
-2.667	10.4
-2.672	12.0
-2.677	14.4
-2.683	16.8
-2.688	18.8
-2.693	21.2
-2.699	24.0
-2.704	26.8
-2.709	28.4
-2.715	28.4
-2.720	26.4
-2.725	23.2
-2.731	20.0
-2.736	15.6
-2.741	13.6
-2.747	11.2
-2.752	9.2
-2.757	7.6
-2.763	6.8
-2.768	6.0
-2.773	5.6
-2.779	5.6
-2.784	6.0
-2.789	6.8
-2.795	8.0
-2.800	9.2
-2.805	10.8
-2.811	13.2
-2.816	16.0
-2.821	18.8
-2.827	22.0
-2.832	24.8
-2.837	27.2
-2.843	28.4
-2.848	28.4
-2.853	27.2
-2.859	24.8
-2.864	21.6
-2.869	18.4
-2.875	15.2
-2.880	12.4
-2.885	9.6
-2.891	8.0
-2.896	6.8
-2.901	6.0
-2.907	5.6
-2.912	5.6
-2.917	6.0
-2.923	6.8
-2.928	7.6
-2.933	9.2
-2.939	11.2
-2.944	13.6
-2.949	16.4
-2.955	19.6
-2.960	22.4
-2.965	25.2
-2.971	27.2
-2.976	27.6
-2.981	26.8
-2.987	24.8
-2.992	22.0
-2.997	18.8
-3.003	15.6
-3.008	12.8
-3.013	10.4
-3.019	8.4
-3.024	6.8
-3.029	6.0
-3.035	5.6
-3.040	5.6
-3.045	6.0
-3.051	6.4
-3.056	7.6
-3.061	9.6
-3.067	11.6
-3.072	14.4
-3.077	16.8
-3.083	19.6
-3.088	22.0
-3.093	24.0
-3.099	25.2
-3.104	25.2
-3.109	24.4
-3.115	22.0
-3.120	19.2
-3.125	16.0
-3.131	12.8
-3.136	10.4
-3.141	8.4
-3.147	6.8
-3.152	6.0
-3.157	5.6
-3.163	5.2
-3.168	5.6
-3.173	6.4
-3.179	8.0
-3.184	10.0
-3.189	12.4
-3.195	15.2
-3.200	17.6
-3.205	20.4
-3.211	22.4
-3.216	23.6
-3.221	24.0
-3.227	23.2
-3.232	21.6
-3.237	19.2
-3.243	16.4
-3.248	14.0
-3.253	11.2
-3.259	8.8
-3.264	7.2
-3.269	6.0
-3.275	5.2
-3.280	4.8
-3.285	4.8
-3.291	5.2
-3.296	6.4
-3.301	8.0
-3.306	10.4
-3.312	13.2
-3.317	16.4
-3.322	19.2
-3.328	21.2
-3.333	22.8
-3.338	22.8
-3.344	22.0
-3.349	20.0
-3.354	17.6
-3.360	14.8
-3.365	12.0
-3.370	9.6
-3.376	7.6
-3.381	6.0
-3.386	5.2
-3.392	4.8
-3.397	4.8
-3.402	5.2
-3.408	6.4
-3.413	8.4
-3.418	11.2
-3.424	14.0
-3.429	16.4
-3.434	19.2
-3.440	20.8
-3.445	21.6
-3.450	21.2
-3.456	20.0
-3.461	18.0
-3.466	15.6
-3.472	13.2
-3.477	10.8
-3.482	8.8
-3.488	7.2
-3.493	6.0
-3.498	5.2
-3.504	4.8
-3.509	4.8
-3.514	5.2
-3.520	6.8
-3.525	8.8
-3.530	11.6
-3.536	14.8
-3.541	17.6
-3.546	19.6
-3.552	20.4
-3.557	20.4
-3.562	19.6
-3.568	18.0
-3.573	15.6
-3.578	13.2
-3.584	10.8
-3.589	8.8
-3.594	7.2
-3.600	5.6
-3.605	4.8
-3.610	4.4
-3.616	4.8
-3.621	5.2
-3.626	6.4
-3.632	8.4
-3.637	11.2
-3.642	14.0
-3.647	16.8
-3.653	18.8
-3.658	19.6
-3.663	19.2
-3.669	18.0
-3.674	16.0
-3.679	14.0
-3.685	11.6
-3.690	9.6
-3.695	7.6
-3.701	6.4
-3.706	5.2
-3.711	4.8
-3.717	4.4
-3.722	4.8
-3.727	5.6
-3.733	6.8
-3.738	8.8
-3.743	11.6
-3.749	14.4
-3.754	16.4
-3.759	17.6
-3.765	17.6
-3.770	16.8
-3.775	14.8
-3.781	12.4
-3.786	10.4
-3.791	8.4
-3.797	6.8
-3.802	5.6
-3.807	4.8
-3.813	4.4
-3.818	4.0
-3.823	4.4
-3.829	5.2
-3.834	6.4
-3.839	8.0
-3.844	10.4
-3.850	12.4
-3.855	14.4
-3.860	15.6
-3.866	15.6
-3.871	14.8
-3.876	13.2
-3.882	11.2
-3.887	9.2
-3.892	7.2
-3.898	5.6
-3.903	4.8
-3.908	4.4
-3.914	4.0
-3.919	4.0
-3.924	4.0
-3.930	4.4
-3.935	5.6
-3.940	7.6
-3.946	10.0
-3.951	12.0
-3.956	13.2
-3.962	13.6
-3.967	13.2
-3.972	11.6
-3.978	10.0
-3.983	8.4
-3.988	6.8
-3.994	5.6
-3.999	4.8
-4.004	4.0
-4.009	3.6
-4.015	3.2
-4.020	3.6
-4.025	4.0
-4.031	4.8
-4.036	6.4
-4.041	8.4
-4.047	10.0
-4.052	11.2
-4.057	11.6
-4.063	11.2
-4.068	10.0
-4.073	8.4
-4.079	6.8
-4.084	5.6
-4.089	4.4
-4.095	3.6
-4.100	3.2
-4.105	2.8
-4.111	2.8
-4.116	3.2
-4.121	3.6
-4.127	4.4
-4.132	6.0
-4.137	7.6
-4.143	8.8
-4.148	9.6
-4.153	9.6
-4.158	8.8
-4.164	7.6
-4.169	6.0
-4.174	4.8
-4.180	4.0
-4.185	3.2
-4.190	2.8
-4.196	2.8
-4.201	2.8
-4.206	2.8
-4.212	3.2
-4.217	3.6
-4.222	4.4
-4.228	5.6
-4.233	6.8
-4.238	7.6
-4.244	7.6
-4.249	7.2
-4.254	6.4
-4.260	5.2
-4.265	4.4
-4.270	3.6
-4.275	3.2
-4.281	2.4
-4.286	2.4
-4.291	2.0
-4.297	2.0
-4.302	2.4
-4.307	3.2
-4.313	4.0
-4.318	4.8
-4.323	5.6
-4.329	6.4
-4.334	6.4
-4.339	6.0
-4.345	5.2
-4.350	4.4
-4.355	3.6
-4.361	3.2
-4.366	2.4
-4.371	2.0
-4.377	2.0
-4.382	2.0
-4.387	2.0
-4.392	2.4
-4.398	2.8
-4.403	3.6
-4.408	4.4
-4.414	4.8
-4.419	5.2
-4.424	4.8
-4.430	4.4
-4.435	3.6
-4.440	3.2
-4.446	2.4
-4.451	2.0
-4.456	2.0
-4.462	1.6
-4.467	1.6
-4.472	1.6
-4.478	1.6
-4.483	2.0
-4.488	2.8
-4.493	3.2
-4.499	3.6
-4.504	3.6
-4.509	3.6
-4.515	3.2
-4.520	2.8
-4.525	2.4
-4.531	2.0
-4.536	1.6
-4.541	1.6
-4.547	1.2
-4.552	1.2
-4.557	1.2
-4.563	1.6
-4.568	1.6
-4.573	2.0
-4.578	2.4
-4.584	2.8
-4.589	3.2
-4.594	3.2
-4.600	2.8
-4.605	2.4
-4.610	2.0
-4.616	1.6
-4.621	1.2
-4.626	1.2
-4.632	1.2
-4.637	1.2
-4.642	1.2
-4.648	1.2
-4.653	1.6
-4.658	2.0
-4.663	2.4
-4.669	2.4
-4.674	2.4
-4.679	2.4
-4.685	2.0
-4.690	1.6
-4.695	1.2
-4.701	1.2
-4.706	1.2
-4.711	1.2
-4.717	1.2
-4.722	1.2
-4.727	1.2
-4.733	1.2
-4.738	1.2
-4.743	1.2
-4.748	1.6
-4.754	1.6
-4.759	1.6
-4.764	1.6
-4.770	1.2
-4.775	1.2
-4.780	0.8
-4.786	0.8
-4.791	0.8
-4.796	0.8
-4.802	0.8
-4.807	0.8
-4.812	0.8
-4.818	0.8
-4.823	0.8
-4.828	1.2
-4.833	1.2
-4.839	1.2
-4.844	1.2
-4.849	1.2
-4.855	0.8
-4.860	0.8
-4.865	0.8
-4.871	0.8
-4.876	0.8
-4.881	0.8
-4.887	0.8
-4.892	0.8
-4.897	0.8
-4.902	0.8
-4.908	0.8
-4.913	0.8
-4.918	0.8
-4.924	0.8
-4.929	0.8
-4.934	0.8
-4.940	0.8
-4.945	0.8
-4.950	0.8
-4.956	0.8
-4.961	0.8
-4.966	0.8
-4.971	0.8
-4.977	0.8
-4.982	0.8
-4.987	0.8
-4.993	0.8
-4.998	0.8
-5.003	0.8
-5.009	0.8
-5.014	0.8
-5.019	0.8
-5.025	0.8
-5.030	0.8
-5.035	0.8
-5.040	0.8
-5.046	0.4
-5.051	0.4
-5.056	0.4
-5.062	0.4
-5.067	0.4
-5.072	0.4
-5.078	0.4
-5.083	0.4
-5.088	0.4
-5.094	0.4
-5.099	0.4
-5.104	0.4
-5.109	0.4
-5.115	0.4
-5.120	0.4
-5.125	0.4
-5.131	0.4
-5.136	0.4
-5.141	0.4
-5.147	0.4
-5.152	0.4
-5.157	0.4
-5.162	0.4
-5.168	0.4
-5.173	0.4
-5.178	0.4
-5.184	0.4
-5.189	0.4
-5.194	0.4
-5.200	0.4
-5.205	0.4
-5.210	0.4
-5.216	0.4
-5.221	0.4
-5.226	0.4
-5.231	0.4
-5.237	0.4
-5.242	0.4
-5.247	0.4
-5.253	0.4
-5.258	0.4
-5.263	0.4
-5.269	0.4
-5.274	0.4
-5.279	0.4
-5.284	0.4
-5.290	0.4
-5.295	0.4
-5.300	0.4
-5.306	0.4
-5.311	0.4
-5.316	0.4
-5.322	0.4
-5.327	0.4
-5.332	0.4
-5.337	0.4
-5.343	0.4
-5.348	0.4
-5.353	0.4
-5.359	0.4
-5.364	0.4
-5.369	0.4
-5.375	0.4
-5.380	0.4
-5.385	0.4
-5.390	0.4
-5.396	0.4
-5.401	0.4
-5.406	0.4
-5.412	0.4
-5.417	0.4
-5.422	0.4
-5.428	0.4
-5.433	0.4
-5.438	0.4
-5.443	0.4
-5.449	0.4
-5.454	0.4
