#MIN=0	0	0	0	0
#MAX=50	30	100	10	70
#SCALE=50	10	50	5	10
#DEC=1	2	1	2	2
#DEF="Time" t / s	"Voltage" U_A1 / V	"Voltage" U_B1 / V	"Anode" U_A / V	"Acceleration voltage" U_B / V
0	-0.015	0	-0.015	0
0.099	-0.03	0	-0.03	0
0.199	-0.03	0	-0.03	0
0.299	-0.03	0	-0.03	0
0.399	-0.03	0	-0.03	0
0.499	-0.03	0	-0.03	0
0.599	-0.03	0	-0.03	0
0.699	-0.03	0	-0.03	0
0.799	-0.03	0	-0.03	0
0.899	-0.03	0	-0.03	0
0.999	-0.03	0	-0.03	0
1.099	-0.03	0	-0.03	0
1.199	-0.03	0	-0.03	0
1.299	-0.03	0	-0.03	0
1.399	-0.03	0.5	-0.03	0.5
1.499	-0.03	0.5	-0.03	0.5
1.599	-0.03	0.5	-0.03	0.5
1.699	-0.03	1	-0.03	1
1.799	-0.03	1	-0.03	1
1.899	-0.03	1.5	-0.03	1.5
1.999	-0.03	2	-0.03	2
2.099	-0.03	2	-0.03	2
2.199	-0.045	2	-0.045	2
2.299	-0.03	2.5	-0.03	2.5
2.399	-0.03	2.5	-0.03	2.5
2.499	-0.03	3	-0.03	3
2.599	-0.045	3	-0.045	3
2.699	-0.03	3.5	-0.03	3.5
2.799	-0.045	3	-0.045	3
2.899	-0.03	3.5	-0.03	3.5
2.999	-0.03	4	-0.03	4
3.099	-0.03	4	-0.03	4
3.199	-0.03	4.5	-0.03	4.5
3.299	-0.03	4.5	-0.03	4.5
3.399	-0.03	4.5	-0.03	4.5
3.499	-0.03	5	-0.03	5
3.599	-0.03	5	-0.03	5
3.699	-0.03	5.5	-0.03	5.5
3.799	-0.03	5.5	-0.03	5.5
3.899	-0.015	6	-0.015	6
3.999	-0.03	6	-0.03	6
4.099	-0.015	6.5	-0.015	6.5
4.199	-0.03	6.5	-0.03	6.5
4.299	-0.015	6.5	-0.015	6.5
4.399	-0.015	7	-0.015	7
4.499	-0.015	7	-0.015	7
4.599	-0.015	7.5	-0.015	7.5
4.699	0	7.5	0	7.5
4.799	-0.015	8	-0.015	8
4.899	0	8	0	8
4.999	-0.015	8	-0.015	8
5.099	-0.015	8.5	-0.015	8.5
5.199	-0.015	8.5	-0.015	8.5
5.299	-0.015	8.5	-0.015	8.5
5.399	-0.015	9	-0.015	9
5.499	-0.015	9	-0.015	9
5.599	-0.015	9.5	-0.015	9.5
5.699	-0.015	9.5	-0.015	9.5
5.799	-0.015	10	-0.015	10
5.899	-0.015	10	-0.015	10
5.999	-0.015	10.5	-0.015	10.5
6.1	-0.015	10.5	-0.015	10.5
6.199	0	11	0	11
6.299	0	11	0	11
6.399	0	11	0	11
6.499	0	11.5	0	11.5
6.599	0.015	11.5	0.015	11.5
6.7	0.015	12	0.015	12
6.799	0.015	12	0.015	12
6.9	0.015	12.5	0.015	12.5
7	0.015	12.5	0.015	12.5
7.1	0.015	13	0.015	13
7.199	0.015	13	0.015	13
7.3	0	13	0	13
7.4	0.015	13.5	0.015	13.5
7.5	0	13.5	0	13.5
7.6	0	14	0	14
7.7	0	14	0	14
7.8	0	14	0	14
7.9	0	14.5	0	14.5
8	0	15	0	15
8.1	0	15	0	15
8.2	0	15	0	15
8.3	0.015	15.5	0.015	15.5
8.4	0.03	15.5	0.03	15.5
8.5	0.06	16	0.06	16
8.6	0.105	16	0.105	16
8.7	0.12	16	0.12	16
8.8	0.135	16.5	0.135	16.5
8.9	0.135	16.5	0.135	16.5
9	0.135	17	0.135	17
9.1	0.12	17	0.12	17
9.2	0.12	17.5	0.12	17.5
9.3	0.105	17.5	0.105	17.5
9.4	0.09	18	0.09	18
9.5	0.075	18	0.075	18
9.6	0.06	18	0.06	18
9.7	0.06	18.5	0.06	18.5
9.8	0.045	18.5	0.045	18.5
9.9	0.03	19	0.03	19
10	0.015	19	0.015	19
10.1	0.015	19	0.015	19
10.2	0.015	19.5	0.015	19.5
10.3	0.015	19.5	0.015	19.5
10.4	0.015	20	0.015	20
10.5	0.045	20	0.045	20
10.6	0.09	20.5	0.09	20.5
10.7	0.15	20.5	0.15	20.5
10.8	0.225	21	0.225	21
10.9	0.285	21	0.285	21
11	0.315	21	0.315	21
11.1	0.345	21.5	0.345	21.5
11.2	0.345	21.5	0.345	21.5
11.3	0.33	22	0.33	22
11.4	0.3	22	0.3	22
11.499	0.285	22.5	0.285	22.5
11.599	0.24	22.5	0.24	22.5
11.699	0.21	22.5	0.21	22.5
11.799	0.165	23	0.165	23
11.899	0.15	23	0.15	23
11.999	0.105	23.5	0.105	23.5
12.099	0.09	23.5	0.09	23.5
12.199	0.06	24	0.06	24
12.299	0.045	24	0.045	24
12.399	0.03	24	0.03	24
12.499	0.03	24.5	0.03	24.5
12.599	0.045	24.5	0.045	24.5
12.699	0.075	25	0.075	25
12.799	0.135	25	0.135	25
12.899	0.24	25	0.24	25
12.999	0.36	25.5	0.36	25.5
13.099	0.48	25.5	0.48	25.5
13.199	0.57	26	0.57	26
13.299	0.645	26.5	0.645	26.5
13.399	0.66	26.5	0.66	26.5
13.499	0.675	26.5	0.675	26.5
13.599	0.63	27	0.63	27
13.699	0.57	27	0.57	27
13.799	0.51	27.5	0.51	27.5
13.899	0.435	27.5	0.435	27.5
13.999	0.375	27.5	0.375	27.5
14.1	0.315	28	0.315	28
14.199	0.255	28	0.255	28
14.299	0.195	28.5	0.195	28.5
14.399	0.165	28.5	0.165	28.5
14.499	0.12	28.5	0.12	28.5
14.599	0.09	29	0.09	29
14.699	0.06	29.5	0.06	29.5
14.799	0.075	29.5	0.075	29.5
14.899	0.09	29.5	0.09	29.5
14.999	0.165	30	0.165	30
15.099	0.255	30	0.255	30
15.199	0.405	30.5	0.405	30.5
15.299	0.57	30.5	0.57	30.5
15.399	0.765	31	0.765	31
15.499	0.915	31	0.915	31
15.599	1.035	31	1.035	31
15.699	1.095	31.5	1.095	31.5
15.799	1.125	31.5	1.125	31.5
15.899	1.065	32	1.065	32
15.999	1.005	32	1.005	32
16.099	0.9	32.5	0.9	32.5
16.199	0.795	32.5	0.795	32.5
16.299	0.675	32.5	0.675	32.5
16.399	0.585	33	0.585	33
16.499	0.465	33	0.465	33
16.599	0.39	33	0.39	33
16.699	0.3	33.5	0.3	33.5
16.799	0.24	34	0.24	34
16.899	0.195	34	0.195	34
16.999	0.165	34	0.165	34
17.099	0.165	34.5	0.165	34.5
17.199	0.21	34.5	0.21	34.5
17.299	0.3	35	0.3	35
17.399	0.45	35	0.45	35
17.499	0.66	35.5	0.66	35.5
17.599	0.9	35.5	0.9	35.5
17.699	1.14	35.5	1.14	35.5
17.8	1.41	36	1.41	36
17.899	1.605	36	1.605	36
17.999	1.725	36.5	1.725	36.5
18.099	1.785	36.5	1.785	36.5
18.199	1.755	36.5	1.755	36.5
18.299	1.68	37	1.68	37
18.399	1.575	37.5	1.575	37.5
18.499	1.425	37	1.425	37
18.599	1.23	37.5	1.23	37.5
18.699	1.08	38	1.08	38
18.799	0.9	38	0.9	38
18.899	0.765	38.5	0.765	38.5
18.999	0.63	38.5	0.63	38.5
19.099	0.525	39	0.525	39
19.199	0.435	39	0.435	39
19.299	0.39	39	0.39	39
19.399	0.375	39.5	0.375	39.5
19.499	0.435	39.5	0.435	39.5
19.599	0.555	40	0.555	40
19.699	0.765	40	0.765	40
19.799	1.02	40.5	1.02	40.5
19.899	1.395	40.5	1.395	40.5
19.999	1.74	41	1.74	41
20.099	2.13	41	2.13	41
20.199	2.505	41	2.505	41
20.299	2.805	41.5	2.805	41.5
20.399	3	41.5	3	41.5
20.499	3.06	42	3.06	42
20.599	3.045	42	3.045	42
20.699	2.94	42.5	2.94	42.5
20.799	2.76	42.5	2.76	42.5
20.899	2.55	42.5	2.55	42.5
20.999	2.325	43	2.325	43
21.099	2.1	43	2.1	43
21.199	1.815	43.5	1.815	43.5
21.299	1.605	43.5	1.605	43.5
21.4	1.395	44	1.395	44
21.499	1.215	44	1.215	44
21.599	1.11	44	1.11	44
21.699	1.05	44.5	1.05	44.5
21.799	1.065	44.5	1.065	44.5
21.899	1.185	44.5	1.185	44.5
21.999	1.185	45	1.185	45
22.099	1.185	45	1.185	45
22.199	1.185	44.5	1.185	44.5
22.299	1.185	44.5	1.185	44.5
22.399	1.2	44.5	1.2	44.5
22.499	1.185	45	1.185	45
22.599	1.185	44.5	1.185	44.5
22.699	1.185	45	1.185	45
22.799	1.2	45	1.2	45
22.899	1.185	45	1.185	45
22.999	1.2	45	1.2	45
23.099	1.2	45	1.2	45
23.199	1.2	45	1.2	45
23.299	1.185	45	1.185	45
23.399	1.2	44.5	1.2	44.5
23.499	1.185	45	1.185	45
23.599	1.2	45	1.2	45
23.699	1.2	44.5	1.2	44.5
23.799	1.2	45	1.2	45
23.899	1.185	45	1.185	45
23.999	1.185	45	1.185	45
24.099	1.185	45	1.185	45
24.2	1.2	45	1.2	45
24.299	1.2	45	1.2	45
24.399	1.2	45	1.2	45
24.499	1.185	45	1.185	45
24.599	1.2	44.5	1.2	44.5
24.699	1.185	44.5	1.185	44.5
24.799	1.2	45	1.2	45
24.899	1.185	45	1.185	45
24.999	1.2	45	1.2	45
25.099	1.2	45	1.2	45
25.199	1.215	44.5	1.215	44.5
25.299	1.2	45	1.2	45
25.399	1.215	45	1.215	45
25.499	1.2	45	1.2	45
25.599	1.215	45	1.215	45
25.699	1.2	45	1.2	45
25.799	1.215	45	1.215	45
25.899	1.215	45	1.215	45
25.999	1.215	45	1.215	45
26.099	1.2	45	1.2	45
26.199	1.215	44.5	1.215	44.5
26.299	1.215	45	1.215	45
26.4	1.215	45	1.215	45
26.499	1.215	45	1.215	45
26.599	1.215	45	1.215	45
26.699	1.2	45	1.2	45
26.799	1.215	45	1.215	45
26.899	1.2	45	1.2	45
26.999	1.215	45	1.215	45
27.099	1.215	45	1.215	45
27.199	1.2	45	1.2	45
27.299	1.215	45	1.215	45
